[1728311379.512843] [lrdn0055:12345:0]          parser.c:2036 UCX  WARN  unused environment variable: UCX_IB_SL
[1728311379.512843] [lrdn0055:12345:0]          parser.c:2036 UCX  WARN  unused environment variable: UCX_TLS
All-to-all with 32 processes, msg-size: 1024, test iterations: 100.
[1728311379.512843] [lrdn0055:12345:0]          parser.c:2036 UCX  WARN  unused environment variable: UCX_IB_SL
Average,Minimum,Maximum,Median,MainRank
0.000062232,0.000055686,0.000071978,0.000061958,0.000062605
0.000062970,0.000056632,0.000072165,0.000059424,0.000069811
0.000054545,0.000047944,0.000063304,0.000053861,0.000055459
0.000070876,0.000059990,0.000091593,0.000068458,0.000064048
0.000044845,0.000037731,0.000051879,0.000044430,0.000046831
0.000046131,0.000040037,0.000053085,0.000046485,0.000047364
0.000047356,0.000041936,0.000053322,0.000047858,0.000050019
0.000050380,0.000044230,0.000059336,0.000050256,0.000053646
0.000052399,0.000047307,0.000060672,0.000050953,0.000051821
0.000041464,0.000036600,0.000047200,0.000041760,0.000044678
0.000044076,0.000038671,0.000049909,0.000043826,0.000045068
0.000039087,0.000035071,0.000043338,0.000039864,0.000040745
0.000034062,0.000030506,0.000039794,0.000033590,0.000034502
0.000032607,0.000028911,0.000040525,0.000032666,0.000033734
0.000029894,0.000027091,0.000035953,0.000029892,0.000032455
0.000031007,0.000027933,0.000035994,0.000030643,0.000032927
0.000036776,0.000029015,0.000075278,0.000034488,0.000037976
0.000037654,0.000033084,0.000041997,0.000037972,0.000039736
0.000040961,0.000035978,0.000047040,0.000040091,0.000041700
0.000057749,0.000037333,0.000088689,0.000058207,0.000045895
0.000039149,0.000034923,0.000046703,0.000039341,0.000040215
0.000049089,0.000034942,0.000056476,0.000053611,0.000056234
0.000032156,0.000028752,0.000035975,0.000031726,0.000034483
0.000029962,0.000026943,0.000036643,0.000029077,0.000032800
0.000029976,0.000027374,0.000034595,0.000029651,0.000030215
0.000030920,0.000026871,0.000035761,0.000029782,0.000034418
0.000032542,0.000030071,0.000037588,0.000031433,0.000032304
0.000033347,0.000029987,0.000037628,0.000032726,0.000037132
0.000032249,0.000028525,0.000037953,0.000031224,0.000035943
0.000031775,0.000027132,0.000038099,0.000030469,0.000034828
0.000033266,0.000028187,0.000037647,0.000032727,0.000034839
0.000031019,0.000026449,0.000037651,0.000030419,0.000032998
0.000029513,0.000025781,0.000034147,0.000029330,0.000031553
0.000028762,0.000026622,0.000032874,0.000027867,0.000030016
0.000031189,0.000028028,0.000034505,0.000030666,0.000033514
0.000033737,0.000029081,0.000037535,0.000033531,0.000035798
0.000033482,0.000030423,0.000037679,0.000033036,0.000035837
0.000032909,0.000028801,0.000040123,0.000031889,0.000040123
0.000032142,0.000027116,0.000036274,0.000031646,0.000035883
[1728311379.512843] [lrdn0055:12345:0]          parser.c:2036 UCX  WARN  unused environment variable: UCX_RNDV_THRESH
0.000039053,0.000034131,0.000049704,0.000037814,0.000043216
0.000031445,0.000025867,0.000035753,0.000030475,0.000035073
0.000029901,0.000026279,0.000033589,0.000029767,0.000031708
0.000028750,0.000026388,0.000032095,0.000028065,0.000029370
0.000030500,0.000027731,0.000035205,0.000029444,0.000032283
0.000032479,0.000029150,0.000036263,0.000031683,0.000035040
0.000031533,0.000028610,0.000036648,0.000030461,0.000034258
0.000036811,0.000030469,0.000047376,0.000037568,0.000039897
0.000033663,0.000030628,0.000037382,0.000032917,0.000035400
0.000035704,0.000031145,0.000043154,0.000035912,0.000036151
0.000030792,0.000026239,0.000041954,0.000029703,0.000035535
0.000030013,0.000026579,0.000035118,0.000029403,0.000031335
0.000028506,0.000025093,0.000033007,0.000027891,0.000031414
0.000029852,0.000027840,0.000034941,0.000029082,0.000031557
0.000031299,0.000027880,0.000035167,0.000030580,0.000033735
0.000032439,0.000029125,0.000036731,0.000031550,0.000035064
0.000031780,0.000026071,0.000038114,0.000030561,0.000029571
0.000033229,0.000028521,0.000036785,0.000033516,0.000033917
0.000032905,0.000029334,0.000037356,0.000031785,0.000033855
0.000032086,0.000026967,0.000037870,0.000031559,0.000035140
0.000030688,0.000025706,0.000035963,0.000030135,0.000033732
0.000029242,0.000026509,0.000034602,0.000028613,0.000031640
0.000030827,0.000027748,0.000035145,0.000030165,0.000032317
0.000037177,0.000033105,0.000051146,0.000035575,0.000034246
0.000032202,0.000029611,0.000037344,0.000031209,0.000030023
0.000038308,0.000034674,0.000043226,0.000036913,0.000039255
0.000031825,0.000027773,0.000037123,0.000030974,0.000029828
0.000031676,0.000029062,0.000036419,0.000030795,0.000036090
0.000032190,0.000027665,0.000038083,0.000030947,0.000038083
0.000030580,0.000026944,0.000035174,0.000029388,0.000034256
0.000029105,0.000024604,0.000034176,0.000028300,0.000029546
0.000029880,0.000027048,0.000034292,0.000029554,0.000031399
0.000033713,0.000029154,0.000040037,0.000034123,0.000034393
0.000032368,0.000029452,0.000038597,0.000031539,0.000032321
0.000032791,0.000028416,0.000038841,0.000031612,0.000034812
0.000033001,0.000027780,0.000039088,0.000031792,0.000035299
0.000034039,0.000029856,0.000041742,0.000033735,0.000035858
0.000032095,0.000028612,0.000042435,0.000030787,0.000029500
0.000030901,0.000026654,0.000037989,0.000030324,0.000029646
0.000029220,0.000026621,0.000035465,0.000028444,0.000031546
0.000028948,0.000025413,0.000033610,0.000027930,0.000030648
0.000031645,0.000028270,0.000039829,0.000029547,0.000033654
0.000033156,0.000029964,0.000037792,0.000032013,0.000037130
0.000031746,0.000027957,0.000038186,0.000030347,0.000035060
0.000032585,0.000028193,0.000038056,0.000030980,0.000030957
0.000033507,0.000029274,0.000038395,0.000032210,0.000034294
0.000032549,0.000027659,0.000038797,0.000031240,0.000036821
0.000031846,0.000027846,0.000037098,0.000031127,0.000029821
0.000029888,0.000026428,0.000035557,0.000028773,0.000029317
0.000029793,0.000026074,0.000035566,0.000029414,0.000029670
0.000034999,0.000026747,0.000045235,0.000034798,0.000034792
0.000032404,0.000027376,0.000038560,0.000031279,0.000036740
0.000033643,0.000029978,0.000038670,0.000032067,0.000038670
0.000031660,0.000027641,0.000037264,0.000030845,0.000035043
0.000032758,0.000026014,0.000038799,0.000031858,0.000035510
0.000033425,0.000029458,0.000039077,0.000032443,0.000029969
0.000031599,0.000026578,0.000038571,0.000031170,0.000029620
0.000032411,0.000027362,0.000036889,0.000032151,0.000034199
0.000030250,0.000026181,0.000033184,0.000030261,0.000030743
0.000031495,0.000028629,0.000037773,0.000030333,0.000034750
0.000032822,0.000029093,0.000038187,0.000031557,0.000031203
Ran 105 iterations. Measured 100 iterations.
