run_id,msg_size,1_Avg-Duration_s,1_Min-Duration_s,1_Max-Duration_s,1_Median-Duration_s,1_MainRank-Duration_s
1,64,4.745e-06,3.825e-06,6.098e-06,4.529e-06,4.587e-06
1,64,4.682e-06,3.41e-06,5.654e-06,4.832e-06,5.123e-06
1,64,4.688e-06,3.97e-06,6.094e-06,4.343e-06,4.661e-06
1,64,4.643e-06,3.376e-06,5.531e-06,4.832e-06,5.186e-06
1,64,4.9e-06,3.583e-06,6.805e-06,4.606e-06,4.924e-06
1,64,4.609e-06,3.409e-06,5.668e-06,4.679e-06,5.003e-06
1,64,4.669e-06,3.72e-06,5.901e-06,4.528e-06,5.008e-06
1,64,4.706e-06,3.945e-06,5.933e-06,4.472e-06,4.784e-06
1,64,4.658e-06,3.211e-06,5.67e-06,4.876e-06,5.061e-06
1,64,4.721e-06,3.735e-06,6.218e-06,4.465e-06,4.25e-06
1,64,4.59e-06,3.646e-06,5.432e-06,4.641e-06,4.674e-06
1,64,4.631e-06,3.971e-06,5.551e-06,4.5e-06,4.692e-06
1,64,4.663e-06,4.059e-06,5.244e-06,4.675e-06,4.943e-06
1,64,4.575e-06,4.062e-06,5.102e-06,4.568e-06,5.102e-06
1,64,4.676e-06,3.678e-06,5.637e-06,4.694e-06,5.637e-06
1,64,4.601e-06,3.384e-06,5.515e-06,4.752e-06,5.515e-06
1,64,4.596e-06,3.464e-06,5.85e-06,4.534e-06,5.85e-06
1,64,4.602e-06,3.118e-06,5.96e-06,4.665e-06,5.96e-06
1,64,4.717e-06,3.38e-06,6.184e-06,4.652e-06,6.184e-06
1,64,4.59e-06,3.185e-06,5.832e-06,4.672e-06,5.832e-06
1,64,4.588e-06,3.223e-06,5.965e-06,4.582e-06,5.965e-06
1,64,4.742e-06,3.068e-06,6.265e-06,4.817e-06,6.265e-06
1,64,4.639e-06,3.188e-06,5.99e-06,4.689e-06,5.833e-06
1,64,4.682e-06,3.281e-06,6.242e-06,4.603e-06,6.242e-06
1,64,4.779e-06,2.981e-06,6.174e-06,4.981e-06,5.936e-06
1,64,4.73e-06,3.604e-06,6.306e-06,4.505e-06,6.306e-06
1,64,4.734e-06,2.848e-06,5.866e-06,5.111e-06,5.866e-06
1,64,4.854e-06,3.802e-06,6.405e-06,4.604e-06,6.405e-06
1,64,4.59e-06,3.015e-06,5.648e-06,4.849e-06,5.648e-06
1,64,4.661e-06,3.619e-06,6.14e-06,4.443e-06,6.14e-06
1,64,4.68e-06,3.202e-06,5.583e-06,4.968e-06,5.523e-06
1,64,4.713e-06,3.703e-06,6.357e-06,4.396e-06,6.357e-06
1,64,4.646e-06,3.083e-06,5.836e-06,4.832e-06,5.21e-06
1,64,4.849e-06,3.6e-06,6.473e-06,4.661e-06,6.473e-06
1,64,4.703e-06,2.861e-06,6.148e-06,4.902e-06,5.035e-06
1,64,4.698e-06,3.303e-06,6.226e-06,4.631e-06,6.226e-06
1,64,4.613e-06,3.13e-06,5.806e-06,4.758e-06,4.696e-06
1,64,4.785e-06,3.397e-06,6.425e-06,4.66e-06,6.425e-06
1,64,4.767e-06,3.271e-06,6.009e-06,4.895e-06,4.814e-06
1,64,5.523e-06,3.464e-06,7.828e-06,5.4e-06,7.828e-06
1,64,4.716e-06,3.074e-06,6.226e-06,4.781e-06,5.14e-06
1,64,4.713e-06,3.287e-06,6.186e-06,4.689e-06,6.186e-06
1,64,4.626e-06,3.119e-06,6.045e-06,4.67e-06,5.206e-06
1,64,4.712e-06,3.377e-06,6.196e-06,4.637e-06,6.196e-06
1,64,4.628e-06,3.481e-06,5.766e-06,4.633e-06,5.042e-06
1,64,4.685e-06,3.601e-06,5.811e-06,4.664e-06,5.811e-06
1,64,4.561e-06,3.232e-06,5.861e-06,4.576e-06,5.266e-06
1,64,4.759e-06,3.351e-06,6.084e-06,4.8e-06,6.084e-06
1,64,4.705e-06,3.419e-06,5.961e-06,4.721e-06,5.866e-06
1,64,4.635e-06,3.34e-06,6.05e-06,4.574e-06,5.563e-06
1,64,4.572e-06,3.201e-06,5.908e-06,4.59e-06,5.571e-06
1,64,4.697e-06,3.474e-06,6.105e-06,4.604e-06,5.624e-06
1,64,4.734e-06,3.447e-06,6.25e-06,4.62e-06,5.749e-06
1,64,4.709e-06,3.281e-06,6.155e-06,4.701e-06,6.155e-06
1,64,4.723e-06,3.214e-06,6.312e-06,4.683e-06,6.312e-06
1,64,4.917e-06,3.425e-06,6.425e-06,4.91e-06,6.425e-06
1,64,4.593e-06,2.98e-06,6.085e-06,4.653e-06,5.731e-06
1,64,4.617e-06,3.193e-06,5.818e-06,4.729e-06,5.818e-06
1,64,4.684e-06,3.345e-06,6.238e-06,4.576e-06,5.486e-06
1,64,4.749e-06,3.496e-06,5.986e-06,4.757e-06,5.986e-06
1,64,4.617e-06,3.342e-06,5.853e-06,4.636e-06,5.563e-06
1,64,4.607e-06,3.239e-06,6.07e-06,4.56e-06,6.07e-06
1,64,4.617e-06,2.967e-06,5.778e-06,4.863e-06,5.644e-06
1,64,4.816e-06,3.685e-06,6.072e-06,4.753e-06,6.072e-06
1,64,4.656e-06,3.409e-06,6.035e-06,4.591e-06,6.035e-06
1,64,4.595e-06,3.438e-06,5.936e-06,4.503e-06,5.406e-06
1,64,4.682e-06,3.404e-06,5.735e-06,4.794e-06,5.735e-06
1,64,4.943e-06,3.808e-06,6.536e-06,4.714e-06,5.055e-06
1,64,4.707e-06,3.204e-06,6.235e-06,4.695e-06,6.235e-06
1,64,4.798e-06,2.787e-06,6.453e-06,4.976e-06,5.076e-06
1,64,4.785e-06,3.393e-06,6.334e-06,4.707e-06,6.334e-06
1,64,4.709e-06,2.985e-06,6.007e-06,4.923e-06,4.845e-06
1,64,4.673e-06,3.962e-06,6.11e-06,4.31e-06,6.11e-06
1,64,4.661e-06,3.375e-06,5.299e-06,4.985e-06,4.715e-06
1,64,4.707e-06,3.787e-06,6.122e-06,4.459e-06,6.122e-06
1,64,4.658e-06,3.368e-06,5.595e-06,4.835e-06,4.589e-06
1,64,4.615e-06,2.508e-06,5.548e-06,5.202e-06,4.939e-06
1,64,4.784e-06,3.762e-06,6.654e-06,4.361e-06,4.647e-06
1,64,4.619e-06,3.327e-06,5.548e-06,4.801e-06,5.037e-06
1,64,4.566e-06,3.759e-06,5.854e-06,4.326e-06,4.263e-06
1,64,4.847e-06,3.853e-06,5.643e-06,4.946e-06,5.133e-06
1,64,4.594e-06,3.792e-06,5.566e-06,4.51e-06,4.657e-06
1,64,4.667e-06,3.727e-06,5.561e-06,4.689e-06,4.707e-06
1,64,4.646e-06,3.544e-06,5.805e-06,4.617e-06,4.845e-06
1,64,4.638e-06,3.675e-06,5.651e-06,4.613e-06,4.799e-06
1,64,4.549e-06,3.791e-06,5.176e-06,4.615e-06,4.853e-06
1,64,4.673e-06,4.153e-06,5.374e-06,4.583e-06,4.996e-06
1,64,4.624e-06,3.99e-06,5.22e-06,4.644e-06,5.195e-06
1,64,4.687e-06,4.08e-06,5.297e-06,4.686e-06,5.182e-06
1,64,4.767e-06,3.561e-06,6.496e-06,4.505e-06,6.496e-06
1,64,4.667e-06,3e-06,5.766e-06,4.951e-06,5.008e-06
1,64,4.699e-06,3.407e-06,6.089e-06,4.65e-06,6.089e-06
1,64,4.582e-06,3.318e-06,5.905e-06,4.552e-06,4.448e-06
1,64,4.747e-06,3.05e-06,6.422e-06,4.759e-06,6.422e-06
1,64,4.586e-06,3.043e-06,5.58e-06,4.86e-06,4.67e-06
1,64,4.77e-06,3.762e-06,6.308e-06,4.505e-06,6.308e-06
1,64,4.866e-06,2.822e-06,6.207e-06,5.217e-06,5.71e-06
1,64,4.722e-06,3.128e-06,6.248e-06,4.757e-06,6.248e-06
1,64,4.708e-06,3.501e-06,6.027e-06,4.652e-06,5.011e-06
1,64,4.659e-06,3.245e-06,5.862e-06,4.764e-06,5.862e-06
1,64,4.635e-06,3.317e-06,6.014e-06,4.604e-06,5.468e-06
1,64,4.676e-06,3.2e-06,6.074e-06,4.716e-06,6.074e-06
1,64,4.656e-06,3.091e-06,6.046e-06,4.743e-06,5.086e-06
1,64,4.59e-06,3.489e-06,5.863e-06,4.503e-06,5.863e-06
1,64,4.616e-06,3.32e-06,5.712e-06,4.716e-06,5.262e-06
1,64,4.644e-06,3.559e-06,6.128e-06,4.445e-06,6.128e-06
1,64,4.685e-06,2.555e-06,6.314e-06,4.935e-06,5.269e-06
1,64,4.681e-06,3.25e-06,6.209e-06,4.633e-06,6.209e-06
1,64,4.62e-06,3.281e-06,6.066e-06,4.567e-06,4.354e-06
1,64,4.656e-06,3.006e-06,6.329e-06,4.645e-06,6.329e-06
1,64,4.729e-06,3.165e-06,5.99e-06,4.879e-06,4.497e-06
1,64,4.597e-06,3.808e-06,5.99e-06,4.295e-06,5.99e-06
1,64,4.563e-06,3.358e-06,5.464e-06,4.715e-06,4.409e-06
1,64,4.69e-06,3.713e-06,5.863e-06,4.592e-06,5.863e-06
1,64,5.255e-06,3.25e-06,7.11e-06,5.331e-06,4.59e-06
1,64,4.705e-06,3.304e-06,6.274e-06,4.621e-06,6.274e-06
1,64,5.043e-06,3.317e-06,6.072e-06,5.391e-06,6.072e-06
1,64,4.672e-06,3.25e-06,6.219e-06,4.609e-06,6.219e-06
1,64,4.829e-06,3.35e-06,6.497e-06,4.734e-06,6.497e-06
1,64,4.632e-06,2.951e-06,6.09e-06,4.744e-06,5.908e-06
1,64,4.691e-06,3.098e-06,6.275e-06,4.696e-06,6.275e-06
1,64,4.602e-06,3.184e-06,5.967e-06,4.629e-06,5.545e-06
1,64,6.904e-06,3.147e-06,1.0957e-05,6.757e-06,1.006e-05
1,64,4.83e-06,2.478e-06,6.442e-06,5.199e-06,6.442e-06
1,64,4.723e-06,3.372e-06,6.112e-06,4.705e-06,4.728e-06
1,64,4.727e-06,3.157e-06,6.361e-06,4.696e-06,6.361e-06
1,64,4.749e-06,3.028e-06,5.895e-06,5.037e-06,5.027e-06
1,64,4.628e-06,3.562e-06,6.123e-06,4.413e-06,6.123e-06
1,64,4.66e-06,3.107e-06,5.745e-06,4.894e-06,5.054e-06
1,64,4.69e-06,3.806e-06,6.043e-06,4.456e-06,6.043e-06
1,64,4.629e-06,2.931e-06,5.562e-06,5.011e-06,5.562e-06
1,64,4.696e-06,3.606e-06,6.099e-06,4.54e-06,6.099e-06
1,64,4.675e-06,3.28e-06,5.955e-06,4.733e-06,5.955e-06
1,64,4.618e-06,3.356e-06,6.079e-06,4.519e-06,6.079e-06
1,64,5.241e-06,3.918e-06,7.097e-06,4.974e-06,7.097e-06
1,64,4.565e-06,3.241e-06,5.73e-06,4.644e-06,4.72e-06
1,64,4.673e-06,3.309e-06,6.117e-06,4.634e-06,6.117e-06
1,64,4.618e-06,3.081e-06,6.01e-06,4.691e-06,4.934e-06
1,64,4.651e-06,3.136e-06,6.244e-06,4.611e-06,6.244e-06
1,64,4.606e-06,2.989e-06,5.867e-06,4.784e-06,4.776e-06
1,64,4.696e-06,3.519e-06,6.162e-06,4.551e-06,6.162e-06
1,64,4.615e-06,3.162e-06,5.839e-06,4.73e-06,5.016e-06
1,64,4.588e-06,3.479e-06,6.009e-06,4.432e-06,6.009e-06
1,64,4.604e-06,3.043e-06,5.908e-06,4.733e-06,5.011e-06
1,64,4.712e-06,3.265e-06,6.205e-06,4.69e-06,6.205e-06
1,64,4.54e-06,3.251e-06,5.931e-06,4.488e-06,4.724e-06
1,64,4.642e-06,3.347e-06,5.918e-06,4.65e-06,5.918e-06
1,64,4.681e-06,3.072e-06,6.013e-06,4.82e-06,5.365e-06
1,64,4.592e-06,3.451e-06,6.053e-06,4.432e-06,6.053e-06
1,64,4.718e-06,3.157e-06,6.149e-06,4.783e-06,5.458e-06
1,64,4.773e-06,3.014e-06,6.552e-06,4.762e-06,6.552e-06
1,64,4.62e-06,2.967e-06,6.104e-06,4.705e-06,4.844e-06
1,64,4.691e-06,3.084e-06,6.152e-06,4.765e-06,6.152e-06
1,64,4.64e-06,3.119e-06,6.121e-06,4.661e-06,4.822e-06
1,64,4.69e-06,3.453e-06,6.183e-06,4.563e-06,6.183e-06
1,64,4.632e-06,3.177e-06,5.875e-06,4.737e-06,4.784e-06
1,64,4.56e-06,3.232e-06,5.971e-06,4.518e-06,5.971e-06
1,64,4.636e-06,2.974e-06,5.936e-06,4.817e-06,4.941e-06
1,64,4.701e-06,3.476e-06,6.087e-06,4.621e-06,6.087e-06
1,64,4.626e-06,3.096e-06,5.919e-06,4.745e-06,5.206e-06
1,64,4.688e-06,3.547e-06,6.186e-06,4.51e-06,6.186e-06
1,64,4.711e-06,2.974e-06,5.912e-06,4.98e-06,5.246e-06
1,64,4.678e-06,3.703e-06,6.27e-06,4.37e-06,6.27e-06
1,64,4.634e-06,2.863e-06,5.877e-06,4.897e-06,5.39e-06
1,64,4.667e-06,3.127e-06,6.347e-06,4.598e-06,6.347e-06
1,64,5.246e-06,1.329e-06,8.055e-06,5.8e-06,5.162e-06
1,64,4.788e-06,3.686e-06,6.165e-06,4.65e-06,6.165e-06
1,64,4.572e-06,3.118e-06,5.768e-06,4.7e-06,4.708e-06
1,64,4.697e-06,3.262e-06,6.202e-06,4.663e-06,6.202e-06
1,64,4.638e-06,3.16e-06,5.861e-06,4.766e-06,4.758e-06
1,64,4.615e-06,3.339e-06,6.163e-06,4.48e-06,6.163e-06
1,64,4.719e-06,2.775e-06,6.222e-06,4.94e-06,4.933e-06
1,64,4.625e-06,3.45e-06,6.103e-06,4.473e-06,6.103e-06
1,64,4.676e-06,3.231e-06,5.894e-06,4.789e-06,5.108e-06
1,64,4.598e-06,3.372e-06,5.99e-06,4.514e-06,5.99e-06
1,64,4.637e-06,3.086e-06,6.056e-06,4.702e-06,5.15e-06
1,64,4.655e-06,3.188e-06,6.069e-06,4.681e-06,6.069e-06
1,64,4.652e-06,3.318e-06,5.926e-06,4.682e-06,4.983e-06
1,64,4.666e-06,3.383e-06,5.882e-06,4.699e-06,5.882e-06
1,64,4.605e-06,3.133e-06,6.041e-06,4.624e-06,5.185e-06
1,64,4.656e-06,3.394e-06,5.933e-06,4.648e-06,5.933e-06
1,64,4.647e-06,3.467e-06,6.115e-06,4.504e-06,5.218e-06
1,64,4.616e-06,3.199e-06,5.929e-06,4.667e-06,5.929e-06
1,64,4.677e-06,3.154e-06,6.152e-06,4.701e-06,5.423e-06
1,64,4.7e-06,3.265e-06,6.201e-06,4.668e-06,6.201e-06
1,64,4.589e-06,2.987e-06,5.875e-06,4.747e-06,5.84e-06
1,64,4.778e-06,2.958e-06,6.424e-06,4.864e-06,6.424e-06
1,64,4.841e-06,3.32e-06,6.491e-06,4.776e-06,6.491e-06
1,64,4.612e-06,3.083e-06,5.997e-06,4.683e-06,5.997e-06
1,64,4.732e-06,3.226e-06,6.239e-06,4.731e-06,6.239e-06
1,64,4.742e-06,3.044e-06,6.2e-06,4.862e-06,5.929e-06
1,64,4.705e-06,3.501e-06,6.162e-06,4.578e-06,6.162e-06
1,64,4.667e-06,3.185e-06,5.668e-06,4.908e-06,5.618e-06
1,64,4.63e-06,3.598e-06,6.121e-06,4.401e-06,6.121e-06
1,64,4.605e-06,3.055e-06,5.828e-06,4.768e-06,5.622e-06
1,64,4.692e-06,3.557e-06,6.079e-06,4.567e-06,6.079e-06
1,64,4.619e-06,3.118e-06,5.924e-06,4.717e-06,5.724e-06
1,64,4.707e-06,3.008e-06,6.367e-06,4.727e-06,6.367e-06
1,64,4.657e-06,3.099e-06,5.931e-06,4.799e-06,5.54e-06
1,64,4.657e-06,3.494e-06,6.033e-06,4.55e-06,6.033e-06
1,64,4.607e-06,3.01e-06,5.907e-06,4.756e-06,5.499e-06
1,64,5.278e-06,3.186e-06,7.999e-06,4.963e-06,7.999e-06
1,64,4.638e-06,2.055e-06,5.943e-06,5.277e-06,5.818e-06
1,64,4.852e-06,3.476e-06,6.47e-06,4.73e-06,6.47e-06
1,64,4.599e-06,3.094e-06,5.902e-06,4.7e-06,4.556e-06
1,64,4.654e-06,3.304e-06,6.214e-06,4.549e-06,6.214e-06
1,64,4.607e-06,2.983e-06,6.014e-06,4.715e-06,4.662e-06
1,64,4.706e-06,3.226e-06,6.203e-06,4.697e-06,6.203e-06
1,64,4.744e-06,3.078e-06,6.07e-06,4.913e-06,5.285e-06
1,64,4.656e-06,3.368e-06,6.213e-06,4.522e-06,6.213e-06
1,64,4.635e-06,3.102e-06,5.818e-06,4.809e-06,5.144e-06
1,64,4.621e-06,3.557e-06,5.96e-06,4.484e-06,5.96e-06
1,64,4.753e-06,2.868e-06,6.264e-06,4.939e-06,5.461e-06
1,64,4.673e-06,3.163e-06,6.159e-06,4.685e-06,6.159e-06
1,64,4.686e-06,3.344e-06,5.931e-06,4.735e-06,4.734e-06
1,64,4.723e-06,3.145e-06,6.181e-06,4.783e-06,5.923e-06
1,64,4.761e-06,3.261e-06,6.239e-06,4.771e-06,6.239e-06
1,64,4.667e-06,2.935e-06,6.065e-06,4.834e-06,5.653e-06
1,64,4.635e-06,3.29e-06,6.219e-06,4.514e-06,6.219e-06
1,64,4.704e-06,2.561e-06,6.407e-06,4.924e-06,5.659e-06
1,64,4.781e-06,3.678e-06,6.304e-06,4.57e-06,6.304e-06
1,64,4.614e-06,3.232e-06,5.46e-06,4.883e-06,5.361e-06
1,64,4.677e-06,3.768e-06,6.047e-06,4.447e-06,6.047e-06
1,64,4.693e-06,3.471e-06,5.868e-06,4.717e-06,4.99e-06
1,64,4.681e-06,3.571e-06,5.985e-06,4.583e-06,5.985e-06
1,64,4.623e-06,3.106e-06,5.851e-06,4.767e-06,4.818e-06
1,64,4.739e-06,3.664e-06,6.304e-06,4.494e-06,6.304e-06
1,64,4.552e-06,3.224e-06,5.757e-06,4.613e-06,4.376e-06
1,64,4.667e-06,3.232e-06,6.185e-06,4.626e-06,6.185e-06
1,64,4.74e-06,3.321e-06,6.096e-06,4.771e-06,4.851e-06
1,64,4.627e-06,3.659e-06,5.936e-06,4.457e-06,5.936e-06
1,64,4.628e-06,3.184e-06,5.85e-06,4.74e-06,4.568e-06
1,64,4.646e-06,3.274e-06,6.169e-06,4.57e-06,6.169e-06
1,64,4.615e-06,3.154e-06,5.969e-06,4.669e-06,4.642e-06
1,64,4.6e-06,3.299e-06,6.06e-06,4.521e-06,6.06e-06
1,64,4.632e-06,3.104e-06,6.095e-06,4.663e-06,4.672e-06
1,64,4.718e-06,3.576e-06,6.186e-06,4.555e-06,6.186e-06
1,64,4.587e-06,2.875e-06,5.958e-06,4.758e-06,4.789e-06
1,64,4.792e-06,3.308e-06,6.525e-06,4.668e-06,6.525e-06
1,64,4.607e-06,3.299e-06,6.012e-06,4.558e-06,4.371e-06
1,64,4.715e-06,3.141e-06,6.113e-06,4.802e-06,6.113e-06
1,64,4.646e-06,3.317e-06,5.991e-06,4.638e-06,4.398e-06
1,64,4.76e-06,3.596e-06,5.87e-06,4.787e-06,5.87e-06
1,64,4.669e-06,3.227e-06,6.023e-06,4.714e-06,4.532e-06
1,64,4.644e-06,3.311e-06,6.103e-06,4.582e-06,6.103e-06
1,64,4.693e-06,3.185e-06,6.112e-06,4.738e-06,4.988e-06
1,64,4.741e-06,3.422e-06,6.05e-06,4.746e-06,6.05e-06
1,64,4.672e-06,3.486e-06,6.147e-06,4.527e-06,4.978e-06
1,64,4.608e-06,3.218e-06,5.815e-06,4.699e-06,5.815e-06
1,64,4.545e-06,3.308e-06,5.849e-06,4.512e-06,5.291e-06
1,64,4.66e-06,3.182e-06,5.811e-06,4.824e-06,5.811e-06
1,64,4.653e-06,3.65e-06,5.822e-06,4.57e-06,5.214e-06
1,64,4.651e-06,3.48e-06,5.709e-06,4.708e-06,5.709e-06
1,64,4.693e-06,3.555e-06,5.848e-06,4.684e-06,5.584e-06
1,64,4.656e-06,3.536e-06,5.735e-06,4.677e-06,5.735e-06
1,64,4.592e-06,3.573e-06,5.792e-06,4.502e-06,5.301e-06
1,64,4.669e-06,3.414e-06,5.868e-06,4.697e-06,5.868e-06
1,64,4.664e-06,3.272e-06,6.088e-06,4.648e-06,5.624e-06
1,64,4.691e-06,3.048e-06,6.26e-06,4.727e-06,6.26e-06
1,64,4.672e-06,3.377e-06,5.984e-06,4.663e-06,5.439e-06
1,64,4.572e-06,3.545e-06,5.871e-06,4.436e-06,5.871e-06
1,64,4.636e-06,3.462e-06,5.489e-06,4.797e-06,5.489e-06
1,64,4.632e-06,3.822e-06,5.979e-06,4.363e-06,5.979e-06
1,64,4.579e-06,3.225e-06,5.195e-06,4.949e-06,5.195e-06
1,64,4.607e-06,3.811e-06,5.963e-06,4.326e-06,5.963e-06
1,64,4.622e-06,3.106e-06,5.81e-06,4.785e-06,5.81e-06
1,64,4.793e-06,3.382e-06,6.095e-06,4.848e-06,6.095e-06
1,64,4.675e-06,3.605e-06,6.232e-06,4.431e-06,6.232e-06
1,64,4.614e-06,3.109e-06,5.746e-06,4.8e-06,5.746e-06
1,64,4.745e-06,3.518e-06,6.441e-06,4.511e-06,6.441e-06
1,64,4.582e-06,3.219e-06,5.755e-06,4.677e-06,5.516e-06
1,64,4.683e-06,3.23e-06,6.331e-06,4.585e-06,6.331e-06
1,64,4.696e-06,3.153e-06,6.014e-06,4.809e-06,5.198e-06
1,64,4.629e-06,3.608e-06,6.182e-06,4.363e-06,6.182e-06
1,64,4.662e-06,3.025e-06,5.829e-06,4.897e-06,5.829e-06
1,64,4.685e-06,3.397e-06,6.082e-06,4.63e-06,6.082e-06
1,64,4.57e-06,3.157e-06,5.913e-06,4.605e-06,5.913e-06
1,64,4.844e-06,3.464e-06,6.391e-06,4.761e-06,6.391e-06
1,64,4.637e-06,3.331e-06,5.86e-06,4.678e-06,5.783e-06
1,64,4.673e-06,3.188e-06,6.139e-06,4.682e-06,6.139e-06
1,64,4.643e-06,3.2e-06,5.972e-06,4.7e-06,5.364e-06
1,64,4.686e-06,3.563e-06,6.19e-06,4.496e-06,6.19e-06
1,64,4.7e-06,2.89e-06,6.015e-06,4.948e-06,5.813e-06
1,64,4.718e-06,3.424e-06,6.166e-06,4.64e-06,6.166e-06
1,64,4.695e-06,3.168e-06,6.055e-06,4.778e-06,5.414e-06
1,64,4.78e-06,3.472e-06,6.391e-06,4.628e-06,6.391e-06
1,64,4.629e-06,3.284e-06,5.708e-06,4.762e-06,5.347e-06
1,64,4.658e-06,3.396e-06,5.787e-06,4.724e-06,5.787e-06
1,64,4.73e-06,3.325e-06,6.014e-06,4.791e-06,5.215e-06
1,64,4.66e-06,3.409e-06,6.106e-06,4.562e-06,6.106e-06
1,64,4.771e-06,3.706e-06,5.911e-06,4.733e-06,5.068e-06
1,64,4.685e-06,3.665e-06,5.69e-06,4.693e-06,5.69e-06
1,64,4.568e-06,3.318e-06,5.691e-06,4.631e-06,5.615e-06
1,64,4.689e-06,3.456e-06,5.79e-06,4.756e-06,5.79e-06
1,64,4.521e-06,3.27e-06,5.608e-06,4.603e-06,5.578e-06
1,64,4.638e-06,3.318e-06,6.003e-06,4.615e-06,6.003e-06
1,64,4.653e-06,3.118e-06,6.143e-06,4.676e-06,5.608e-06
1,64,4.692e-06,3.057e-06,6.307e-06,4.702e-06,6.307e-06
1,64,4.657e-06,3.141e-06,6.076e-06,4.705e-06,5.494e-06
1,64,4.692e-06,3.231e-06,6.169e-06,4.685e-06,6.169e-06
1,64,4.773e-06,3.12e-06,6.078e-06,4.946e-06,5.738e-06
1,64,4.706e-06,3.293e-06,6.122e-06,4.705e-06,6.122e-06
1,64,4.58e-06,3.133e-06,5.902e-06,4.642e-06,5.754e-06
1,64,4.559e-06,3.364e-06,5.882e-06,4.495e-06,5.882e-06
1,64,4.748e-06,3.025e-06,6.201e-06,4.883e-06,5.9e-06
1,64,4.709e-06,3.198e-06,6.336e-06,4.65e-06,6.336e-06
1,64,4.763e-06,3.268e-06,6.197e-06,4.793e-06,5.41e-06
1,64,4.771e-06,3.464e-06,6.339e-06,4.641e-06,6.339e-06
1,64,4.628e-06,2.986e-06,6.034e-06,4.746e-06,5.397e-06
1,64,4.766e-06,2.912e-06,6.567e-06,4.793e-06,6.567e-06
1,64,4.704e-06,2.96e-06,6.126e-06,4.866e-06,4.839e-06
1,64,4.708e-06,3.135e-06,6.397e-06,4.649e-06,6.397e-06
1,64,4.711e-06,2.925e-06,6.123e-06,4.899e-06,5.095e-06
1,64,4.735e-06,3.142e-06,6.369e-06,4.715e-06,6.369e-06
1,64,4.826e-06,2.915e-06,6.479e-06,4.955e-06,5.038e-06
1,64,4.819e-06,3.038e-06,6.542e-06,4.847e-06,6.542e-06
1,64,4.543e-06,3.228e-06,5.789e-06,4.578e-06,4.403e-06
1,64,4.623e-06,3.108e-06,6.171e-06,4.606e-06,6.171e-06
1,64,4.535e-06,2.974e-06,5.866e-06,4.65e-06,4.623e-06
1,64,4.699e-06,3.295e-06,6.021e-06,4.74e-06,6.021e-06
1,64,4.807e-06,3.267e-06,6.131e-06,4.915e-06,5.239e-06
1,64,4.709e-06,3.92e-06,5.951e-06,4.483e-06,5.951e-06
1,64,4.698e-06,3.083e-06,6.031e-06,4.838e-06,5.114e-06
1,64,4.823e-06,3.469e-06,6.353e-06,4.734e-06,6.353e-06
1,64,4.674e-06,3.43e-06,5.758e-06,4.755e-06,4.373e-06
1,64,4.625e-06,3.862e-06,5.858e-06,4.39e-06,5.858e-06
1,64,4.659e-06,3.088e-06,5.812e-06,4.869e-06,4.392e-06
1,64,4.954e-06,3.525e-06,6.74e-06,4.775e-06,6.74e-06
1,64,4.978e-06,2.666e-06,6.723e-06,5.262e-06,5.189e-06
1,64,4.662e-06,3.377e-06,6.083e-06,4.595e-06,6.083e-06
1,64,4.727e-06,3.516e-06,6.199e-06,4.598e-06,4.384e-06
1,64,4.732e-06,3.158e-06,5.576e-06,5.097e-06,5.576e-06
1,64,4.706e-06,3.461e-06,5.945e-06,4.708e-06,5.083e-06
1,64,4.734e-06,2.925e-06,6.045e-06,4.984e-06,6.045e-06
1,64,4.566e-06,3.063e-06,5.763e-06,4.72e-06,5.763e-06
1,64,4.622e-06,3.277e-06,6.013e-06,4.6e-06,6.013e-06
1,64,4.66e-06,3.114e-06,6.03e-06,4.749e-06,6.03e-06
1,64,4.778e-06,3.244e-06,6.303e-06,4.782e-06,6.303e-06
1,64,4.725e-06,3.291e-06,6.325e-06,4.642e-06,6.325e-06
1,64,4.76e-06,3.564e-06,6.139e-06,4.669e-06,5.733e-06
1,64,4.654e-06,3.464e-06,5.942e-06,4.605e-06,5.675e-06
1,64,6.586e-06,3.353e-06,9.589e-06,6.701e-06,6.125e-06
1,64,4.784e-06,3.412e-06,6.433e-06,4.646e-06,6.433e-06
1,64,4.772e-06,3.243e-06,6.273e-06,4.787e-06,4.641e-06
1,64,4.715e-06,3.081e-06,6.261e-06,4.76e-06,6.261e-06
1,64,4.626e-06,3.08e-06,6.07e-06,4.677e-06,4.783e-06
1,64,4.69e-06,3.219e-06,6.174e-06,4.684e-06,6.174e-06
1,64,4.65e-06,3.026e-06,6.04e-06,4.766e-06,5.044e-06
1,64,4.758e-06,3.234e-06,6.41e-06,4.693e-06,6.41e-06
1,64,4.643e-06,2.982e-06,5.974e-06,4.807e-06,5.499e-06
1,64,4.817e-06,3.526e-06,6.705e-06,4.518e-06,6.705e-06
1,64,4.546e-06,2.841e-06,5.918e-06,4.713e-06,4.999e-06
1,64,4.726e-06,3.246e-06,6.371e-06,4.643e-06,6.371e-06
1,64,4.779e-06,2.947e-06,6.188e-06,4.99e-06,5.069e-06
1,64,4.823e-06,3.411e-06,6.493e-06,4.694e-06,6.493e-06
1,64,4.579e-06,2.935e-06,5.99e-06,4.695e-06,4.855e-06
1,64,4.655e-06,3.393e-06,6.175e-06,4.526e-06,6.175e-06
1,64,4.633e-06,3.141e-06,5.924e-06,4.734e-06,5.265e-06
1,64,4.603e-06,3.23e-06,5.848e-06,4.668e-06,5.848e-06
1,64,4.71e-06,3.566e-06,6.03e-06,4.622e-06,4.979e-06
1,64,4.635e-06,3.257e-06,5.909e-06,4.687e-06,5.909e-06
1,64,4.653e-06,3.247e-06,5.975e-06,4.696e-06,5.389e-06
1,64,4.704e-06,3.241e-06,6.147e-06,4.713e-06,6.147e-06
1,64,4.669e-06,3.416e-06,6.135e-06,4.563e-06,5.109e-06
1,64,4.626e-06,3.165e-06,5.657e-06,4.841e-06,5.657e-06
1,64,4.62e-06,3.483e-06,6.046e-06,4.476e-06,4.967e-06
1,64,4.616e-06,3.203e-06,5.651e-06,4.805e-06,5.651e-06
1,64,4.647e-06,3.396e-06,6.049e-06,4.572e-06,5.255e-06
1,64,4.689e-06,3.454e-06,5.991e-06,4.655e-06,5.991e-06
1,64,4.641e-06,2.977e-06,6.091e-06,4.748e-06,5.63e-06
1,64,4.753e-06,3.567e-06,6.513e-06,4.466e-06,6.513e-06
1,64,4.621e-06,3.244e-06,5.96e-06,4.641e-06,5.104e-06
1,64,4.7e-06,3.364e-06,5.797e-06,4.82e-06,5.797e-06
1,64,4.749e-06,3.684e-06,5.953e-06,4.68e-06,5.179e-06
1,64,4.654e-06,3.675e-06,5.38e-06,4.78e-06,5.331e-06
1,64,4.624e-06,3.931e-06,5.554e-06,4.505e-06,4.992e-06
1,64,4.552e-06,3.835e-06,5.35e-06,4.51e-06,5.156e-06
1,64,4.735e-06,3.936e-06,5.543e-06,4.73e-06,5.323e-06
1,64,4.617e-06,3.973e-06,5.4e-06,4.548e-06,5.4e-06
1,64,4.615e-06,4.035e-06,4.97e-06,4.727e-06,4.953e-06
1,64,4.687e-06,4.002e-06,5.569e-06,4.588e-06,5.569e-06
1,64,4.682e-06,3.572e-06,5.636e-06,4.759e-06,5.584e-06
1,64,4.755e-06,3.757e-06,5.816e-06,4.724e-06,5.816e-06
1,64,4.664e-06,3.51e-06,5.804e-06,4.671e-06,5.804e-06
1,64,4.613e-06,3.361e-06,5.975e-06,4.559e-06,5.975e-06
1,64,4.593e-06,3.145e-06,5.976e-06,4.626e-06,5.781e-06
1,64,4.641e-06,3.284e-06,5.989e-06,4.644e-06,5.97e-06
1,64,4.706e-06,3.236e-06,6.064e-06,4.762e-06,5.938e-06
1,64,4.668e-06,3.182e-06,6.162e-06,4.665e-06,6.162e-06
1,64,4.654e-06,3.119e-06,5.93e-06,4.783e-06,5.93e-06
1,64,4.721e-06,3.513e-06,6.4e-06,4.485e-06,6.4e-06
1,64,4.635e-06,3.152e-06,6.005e-06,4.692e-06,6.005e-06
1,64,4.646e-06,3.25e-06,6.044e-06,4.644e-06,6.044e-06
1,64,4.661e-06,3.418e-06,5.782e-06,4.721e-06,5.782e-06
1,64,4.746e-06,3.445e-06,6.225e-06,4.656e-06,6.225e-06
1,64,4.635e-06,3e-06,5.955e-06,4.791e-06,5.661e-06
1,64,4.678e-06,3.491e-06,6.259e-06,4.48e-06,6.259e-06
1,64,4.533e-06,2.95e-06,5.81e-06,4.686e-06,5.665e-06
1,64,4.639e-06,3.389e-06,6.057e-06,4.555e-06,6.057e-06
1,64,4.646e-06,3.259e-06,6.114e-06,4.606e-06,5.844e-06
1,64,4.714e-06,2.9e-06,6.252e-06,4.852e-06,6.252e-06
1,64,4.616e-06,3.248e-06,5.957e-06,4.629e-06,5.556e-06
1,64,4.667e-06,3.33e-06,6.091e-06,4.623e-06,6.091e-06
1,64,4.555e-06,2.828e-06,6.009e-06,4.69e-06,5.656e-06
1,64,4.703e-06,3.277e-06,6.233e-06,4.651e-06,6.233e-06
1,64,4.696e-06,3.026e-06,6.106e-06,4.826e-06,5.728e-06
1,64,4.785e-06,3.431e-06,6.432e-06,4.638e-06,6.432e-06
1,64,4.81e-06,2.907e-06,6.258e-06,5.038e-06,5.792e-06
1,64,4.755e-06,3.473e-06,6.259e-06,4.644e-06,6.259e-06
1,64,4.663e-06,3.326e-06,5.971e-06,4.678e-06,5.971e-06
1,64,4.719e-06,3.248e-06,5.757e-06,4.935e-06,5.757e-06
1,64,4.632e-06,3.27e-06,6.079e-06,4.59e-06,6.079e-06
1,64,4.648e-06,3.095e-06,6.105e-06,4.696e-06,6.105e-06
1,64,4.705e-06,3.357e-06,6.185e-06,4.64e-06,6.185e-06
1,64,4.666e-06,3.179e-06,6.166e-06,4.659e-06,6.166e-06
1,64,4.783e-06,2.92e-06,6.31e-06,4.95e-06,6.31e-06
1,64,4.661e-06,3.388e-06,6.266e-06,4.495e-06,6.266e-06
1,64,4.663e-06,3.033e-06,5.886e-06,4.867e-06,5.886e-06
1,64,4.863e-06,3.012e-06,6.846e-06,4.796e-06,6.846e-06
1,64,4.661e-06,3.167e-06,6.23e-06,4.624e-06,4.72e-06
1,64,4.634e-06,3.273e-06,6.137e-06,4.563e-06,6.137e-06
1,64,4.702e-06,3.038e-06,6.158e-06,4.805e-06,5.226e-06
1,64,4.701e-06,3.325e-06,6.259e-06,4.609e-06,6.259e-06
1,64,4.8e-06,3.138e-06,6.324e-06,4.868e-06,5.464e-06
1,64,4.872e-06,2.963e-06,6.77e-06,4.877e-06,6.77e-06
1,64,4.614e-06,2.876e-06,6.018e-06,4.781e-06,4.89e-06
1,64,4.763e-06,3.236e-06,6.548e-06,4.634e-06,6.548e-06
1,64,4.786e-06,2.934e-06,6.262e-06,4.973e-06,4.982e-06
1,64,4.758e-06,3.744e-06,6.31e-06,4.488e-06,6.31e-06
1,64,4.582e-06,3.107e-06,5.285e-06,4.968e-06,4.842e-06
1,64,4.749e-06,4.101e-06,6.173e-06,4.361e-06,6.173e-06
1,64,4.707e-06,3.139e-06,5.425e-06,5.132e-06,5.323e-06
1,64,4.72e-06,3.875e-06,6.288e-06,4.359e-06,6.288e-06
1,64,4.59e-06,3.003e-06,5.45e-06,4.953e-06,5.2e-06
1,64,4.755e-06,4.222e-06,5.812e-06,4.494e-06,5.812e-06
1,64,4.566e-06,3.493e-06,5.135e-06,4.818e-06,5.102e-06
1,64,4.602e-06,3.739e-06,5.67e-06,4.499e-06,5.67e-06
1,64,4.71e-06,3.54e-06,5.826e-06,4.737e-06,5.826e-06
1,64,4.644e-06,3.495e-06,5.534e-06,4.774e-06,5.534e-06
1,64,4.691e-06,3.425e-06,6.102e-06,4.618e-06,6.102e-06
1,64,4.636e-06,2.853e-06,5.999e-06,4.847e-06,5.999e-06
1,64,4.853e-06,3.605e-06,6.661e-06,4.573e-06,6.661e-06
1,64,4.62e-06,2.743e-06,5.781e-06,4.978e-06,5.673e-06
1,64,4.726e-06,3.55e-06,6.264e-06,4.546e-06,6.264e-06
1,64,4.591e-06,3.497e-06,5.636e-06,4.616e-06,5.182e-06
1,64,4.597e-06,3.369e-06,5.736e-06,4.641e-06,5.736e-06
1,64,4.648e-06,3.362e-06,5.945e-06,4.643e-06,5.225e-06
1,64,4.847e-06,3.174e-06,6.555e-06,4.83e-06,6.555e-06
1,64,4.639e-06,3.068e-06,5.978e-06,4.754e-06,5.316e-06
1,64,4.627e-06,3.192e-06,6.076e-06,4.62e-06,6.076e-06
1,64,4.68e-06,3.085e-06,6.241e-06,4.696e-06,5.041e-06
1,64,4.726e-06,3.324e-06,6.317e-06,4.631e-06,6.317e-06
1,64,4.682e-06,2.797e-06,6.218e-06,4.856e-06,5.19e-06
1,64,4.764e-06,3.338e-06,6.322e-06,4.699e-06,6.322e-06
1,64,5.358e-06,3.171e-06,7.415e-06,5.423e-06,4.897e-06
1,64,4.769e-06,3.345e-06,6.495e-06,4.617e-06,6.495e-06
1,64,4.618e-06,2.671e-06,6.117e-06,4.842e-06,4.76e-06
1,64,4.69e-06,3.388e-06,6.344e-06,4.515e-06,6.344e-06
1,64,4.789e-06,2.714e-06,6.315e-06,5.062e-06,5.07e-06
1,64,4.603e-06,3.229e-06,6.047e-06,4.568e-06,6.047e-06
1,64,4.864e-06,3.196e-06,6.325e-06,4.968e-06,4.623e-06
1,64,4.816e-06,3.349e-06,6.602e-06,4.656e-06,6.602e-06
1,64,4.684e-06,3.067e-06,6.03e-06,4.82e-06,4.848e-06
1,64,4.705e-06,3.305e-06,6.192e-06,4.662e-06,6.192e-06
1,64,4.749e-06,3.15e-06,6.326e-06,4.759e-06,4.864e-06
1,64,4.664e-06,3.29e-06,6.19e-06,4.588e-06,6.19e-06
1,64,4.775e-06,3.101e-06,5.966e-06,5.016e-06,4.907e-06
1,64,5.069e-06,3.616e-06,6.268e-06,5.195e-06,6.268e-06
1,64,4.65e-06,3.657e-06,5.948e-06,4.498e-06,3.657e-06
1,64,4.699e-06,3.213e-06,5.574e-06,5.004e-06,5.35e-06
1,64,4.735e-06,3.573e-06,6.088e-06,4.64e-06,4.07e-06
1,64,4.652e-06,3.478e-06,5.847e-06,4.642e-06,5.847e-06
1,64,4.723e-06,3.198e-06,6.278e-06,4.708e-06,4.736e-06
1,64,4.61e-06,3.287e-06,6.063e-06,4.545e-06,6.063e-06
1,64,4.686e-06,3.405e-06,5.833e-06,4.753e-06,4.604e-06
1,64,4.853e-06,3.381e-06,6.439e-06,4.796e-06,6.439e-06
1,64,4.707e-06,3.105e-06,6.085e-06,4.819e-06,4.603e-06
1,64,4.779e-06,3.4e-06,6.637e-06,4.539e-06,6.637e-06
1,64,4.683e-06,3.187e-06,5.76e-06,4.893e-06,4.611e-06
1,64,4.773e-06,3.435e-06,6.384e-06,4.636e-06,6.384e-06
1,64,4.657e-06,3.124e-06,6.077e-06,4.713e-06,4.62e-06
1,64,4.644e-06,3.16e-06,6.183e-06,4.617e-06,6.183e-06
1,64,4.748e-06,3.132e-06,6.323e-06,4.768e-06,4.794e-06
1,64,4.753e-06,3.139e-06,6.494e-06,4.69e-06,6.494e-06
1,64,4.654e-06,2.921e-06,6.003e-06,4.846e-06,4.79e-06
1,64,4.794e-06,3.095e-06,6.47e-06,4.805e-06,6.47e-06
1,64,4.651e-06,3.153e-06,6.071e-06,4.69e-06,4.525e-06
1,64,4.626e-06,3.501e-06,6.117e-06,4.443e-06,6.117e-06
1,64,4.641e-06,2.974e-06,5.78e-06,4.905e-06,4.848e-06
1,64,4.671e-06,3.463e-06,6.262e-06,4.479e-06,6.262e-06
1,64,4.721e-06,3.284e-06,5.903e-06,4.849e-06,5.027e-06
1,64,4.736e-06,3.505e-06,6.197e-06,4.621e-06,6.197e-06
1,64,4.752e-06,3.261e-06,6.205e-06,4.772e-06,4.856e-06
1,64,4.812e-06,3.279e-06,6.423e-06,4.774e-06,6.423e-06
1,64,4.541e-06,3.081e-06,5.674e-06,4.704e-06,4.619e-06
1,64,4.63e-06,3.492e-06,6.048e-06,4.491e-06,6.048e-06
1,64,4.683e-06,3.505e-06,5.87e-06,4.678e-06,4.534e-06
1,64,4.659e-06,3.068e-06,6.11e-06,4.728e-06,6.11e-06
1,64,4.724e-06,2.582e-06,6.425e-06,4.945e-06,4.99e-06
1,64,4.871e-06,3.436e-06,6.383e-06,4.832e-06,6.383e-06
1,64,4.566e-06,3.19e-06,5.902e-06,4.585e-06,4.682e-06
1,64,4.808e-06,3.395e-06,6.311e-06,4.762e-06,6.311e-06
1,64,4.78e-06,3.754e-06,6.224e-06,4.572e-06,4.231e-06
1,64,4.586e-06,3.249e-06,5.393e-06,4.851e-06,5.393e-06
1,64,4.672e-06,3.693e-06,6.005e-06,4.495e-06,4.187e-06
1,64,4.697e-06,3.333e-06,5.894e-06,4.781e-06,5.894e-06
1,64,4.816e-06,3.554e-06,6.099e-06,4.805e-06,4.726e-06
1,64,4.702e-06,3.3e-06,5.744e-06,4.883e-06,5.744e-06
1,64,4.631e-06,3.477e-06,5.752e-06,4.648e-06,4.447e-06
1,64,4.704e-06,3.412e-06,6.073e-06,4.665e-06,6.073e-06
1,64,4.845e-06,3.292e-06,6.348e-06,4.87e-06,4.707e-06
1,64,4.799e-06,3.463e-06,6.295e-06,4.719e-06,6.295e-06
1,64,5.06e-06,3.243e-06,7.763e-06,4.617e-06,4.432e-06
1,64,4.792e-06,1.726e-06,6.65e-06,5.396e-06,6.65e-06
1,64,4.8e-06,3.219e-06,5.936e-06,5.023e-06,4.811e-06
1,64,4.759e-06,3.239e-06,6.53e-06,4.633e-06,6.53e-06
1,64,4.8e-06,3.092e-06,6.245e-06,4.931e-06,5.04e-06
1,64,4.872e-06,3.153e-06,6.512e-06,4.911e-06,6.512e-06
1,64,4.737e-06,3.082e-06,6.263e-06,4.801e-06,4.837e-06
1,64,4.86e-06,3.027e-06,6.63e-06,4.891e-06,6.63e-06
1,64,4.706e-06,3.047e-06,6.159e-06,4.81e-06,4.819e-06
1,64,4.753e-06,3.453e-06,6.34e-06,4.609e-06,6.34e-06
1,64,4.682e-06,3.1e-06,6.041e-06,4.793e-06,5.003e-06
1,64,4.663e-06,3.485e-06,6.016e-06,4.575e-06,6.016e-06
1,64,4.711e-06,3.027e-06,6.023e-06,4.897e-06,4.825e-06
1,64,4.887e-06,3.674e-06,6.574e-06,4.65e-06,6.574e-06
1,64,4.653e-06,3.293e-06,5.773e-06,4.774e-06,4.668e-06
1,64,4.751e-06,3.33e-06,6.134e-06,4.769e-06,6.134e-06
1,64,4.702e-06,3.231e-06,6.234e-06,4.671e-06,4.526e-06
1,64,4.725e-06,3.088e-06,6.279e-06,4.766e-06,6.279e-06
1,64,4.623e-06,3.177e-06,5.978e-06,4.669e-06,4.537e-06
1,64,4.655e-06,3.466e-06,6.146e-06,4.505e-06,6.146e-06
1,64,4.58e-06,3.239e-06,5.779e-06,4.651e-06,4.557e-06
1,64,4.605e-06,3.385e-06,5.982e-06,4.527e-06,5.982e-06
1,64,4.62e-06,3.288e-06,5.924e-06,4.633e-06,4.567e-06
1,64,4.653e-06,3.362e-06,5.93e-06,4.661e-06,5.93e-06
1,64,4.641e-06,3.493e-06,5.778e-06,4.646e-06,4.624e-06
1,64,4.554e-06,3.374e-06,5.725e-06,4.559e-06,5.725e-06
1,64,4.759e-06,3.386e-06,5.895e-06,4.878e-06,5.325e-06
1,64,4.639e-06,3.318e-06,6.002e-06,4.618e-06,6.002e-06
1,64,4.664e-06,3.277e-06,5.956e-06,4.711e-06,5.56e-06
1,64,4.556e-06,3.182e-06,5.942e-06,4.549e-06,5.942e-06
1,64,4.766e-06,3.181e-06,6.096e-06,4.893e-06,5.77e-06
1,64,4.729e-06,3.401e-06,6.324e-06,4.596e-06,6.324e-06
1,64,4.581e-06,3.151e-06,5.899e-06,4.636e-06,5.717e-06
1,64,4.835e-06,3.275e-06,6.68e-06,4.691e-06,6.68e-06
1,64,4.652e-06,2.815e-06,6.169e-06,4.812e-06,5.427e-06
1,64,4.929e-06,3.228e-06,6.702e-06,4.894e-06,6.702e-06
1,64,4.662e-06,2.995e-06,5.979e-06,4.838e-06,5.252e-06
1,64,4.768e-06,3.503e-06,6.402e-06,4.583e-06,6.402e-06
1,64,4.568e-06,2.865e-06,5.99e-06,4.709e-06,5.383e-06
1,64,4.854e-06,2.995e-06,6.414e-06,5.004e-06,6.414e-06
1,64,4.63e-06,3.06e-06,6.117e-06,4.672e-06,5.414e-06
1,64,4.773e-06,3.22e-06,6.429e-06,4.722e-06,6.429e-06
1,64,4.697e-06,3.044e-06,6.027e-06,4.859e-06,5.653e-06
1,64,4.717e-06,3.023e-06,6.405e-06,4.72e-06,6.405e-06
1,64,4.661e-06,3.255e-06,6.164e-06,4.612e-06,4.874e-06
1,64,4.709e-06,3.179e-06,6.217e-06,4.72e-06,6.217e-06
1,64,4.681e-06,3e-06,6.229e-06,4.747e-06,4.96e-06
1,64,4.85e-06,3.577e-06,6.339e-06,4.742e-06,6.339e-06
1,64,4.621e-06,3.182e-06,5.882e-06,4.711e-06,4.691e-06
1,64,4.697e-06,3.416e-06,6.326e-06,4.523e-06,6.326e-06
1,64,4.769e-06,2.745e-06,6.525e-06,4.902e-06,4.779e-06
1,64,4.699e-06,3.181e-06,6.282e-06,4.666e-06,6.282e-06
1,64,4.644e-06,3.097e-06,5.961e-06,4.758e-06,4.902e-06
1,64,4.647e-06,3.18e-06,6.143e-06,4.633e-06,6.143e-06
1,64,4.659e-06,3.023e-06,5.896e-06,4.858e-06,5.012e-06
1,64,4.647e-06,3.365e-06,6.002e-06,4.61e-06,6.002e-06
1,64,4.645e-06,3.218e-06,5.876e-06,4.744e-06,4.788e-06
1,64,4.706e-06,3.498e-06,5.921e-06,4.703e-06,5.921e-06
1,64,4.717e-06,3.313e-06,6.116e-06,4.719e-06,4.759e-06
1,64,4.681e-06,3.507e-06,6.289e-06,4.464e-06,6.289e-06
1,64,4.586e-06,3.348e-06,5.808e-06,4.595e-06,4.38e-06
1,64,4.567e-06,3.414e-06,5.829e-06,4.513e-06,5.829e-06
1,64,4.572e-06,3.253e-06,5.72e-06,4.658e-06,4.406e-06
1,64,4.831e-06,3.706e-06,6.372e-06,4.623e-06,6.372e-06
1,64,4.583e-06,3.1e-06,5.905e-06,4.663e-06,4.497e-06
1,64,4.624e-06,3.389e-06,6.077e-06,4.516e-06,6.077e-06
1,64,4.747e-06,2.986e-06,6.355e-06,4.823e-06,4.685e-06
1,64,5.056e-06,3.264e-06,7.694e-06,4.632e-06,7.694e-06
1,64,4.694e-06,1.862e-06,6.191e-06,5.362e-06,5.848e-06
1,64,4.8e-06,3.077e-06,6.538e-06,4.792e-06,6.538e-06
1,64,4.649e-06,3.068e-06,5.729e-06,4.899e-06,4.965e-06
1,64,4.714e-06,3.509e-06,6.164e-06,4.591e-06,6.164e-06
1,64,4.626e-06,3.022e-06,5.779e-06,4.851e-06,5.216e-06
1,64,4.773e-06,3.376e-06,6.262e-06,4.727e-06,6.262e-06
1,64,4.784e-06,3.042e-06,6.137e-06,4.978e-06,5.641e-06
1,64,4.684e-06,3.075e-06,6.303e-06,4.679e-06,6.303e-06
1,64,4.755e-06,3.277e-06,5.989e-06,4.878e-06,5.19e-06
1,64,4.768e-06,3.425e-06,6.32e-06,4.664e-06,6.32e-06
1,64,4.589e-06,3.118e-06,5.733e-06,4.752e-06,5.372e-06
1,64,4.688e-06,3.524e-06,6.174e-06,4.528e-06,6.174e-06
1,64,4.697e-06,3.265e-06,6.007e-06,4.757e-06,5.552e-06
1,64,4.812e-06,3.374e-06,6.55e-06,4.662e-06,6.55e-06
1,64,4.626e-06,2.757e-06,6.057e-06,4.844e-06,5.817e-06
1,64,4.776e-06,2.918e-06,6.415e-06,4.884e-06,6.415e-06
1,64,4.771e-06,3.005e-06,6.326e-06,4.877e-06,5.385e-06
1,64,4.729e-06,3.156e-06,6.376e-06,4.691e-06,6.376e-06
1,64,4.623e-06,3.21e-06,5.956e-06,4.662e-06,5.013e-06
1,64,4.682e-06,3.269e-06,6.029e-06,4.716e-06,6.029e-06
1,64,4.684e-06,3.123e-06,6.098e-06,4.758e-06,5.712e-06
1,64,4.764e-06,3.336e-06,6.341e-06,4.69e-06,6.341e-06
1,64,4.766e-06,2.991e-06,6.142e-06,4.967e-06,5.758e-06
1,64,4.743e-06,3.532e-06,6.477e-06,4.481e-06,6.477e-06
1,64,4.659e-06,2.968e-06,5.91e-06,4.88e-06,5.15e-06
1,64,4.755e-06,3.22e-06,6.37e-06,4.716e-06,6.37e-06
1,64,4.671e-06,2.897e-06,5.695e-06,5.047e-06,5.519e-06
1,64,4.799e-06,3.574e-06,6.285e-06,4.669e-06,6.285e-06
1,64,4.639e-06,3.391e-06,5.75e-06,4.707e-06,5.406e-06
1,64,4.664e-06,3.451e-06,5.938e-06,4.634e-06,5.938e-06
1,64,4.657e-06,3.417e-06,6.087e-06,4.563e-06,5.517e-06
1,64,4.622e-06,3.421e-06,5.779e-06,4.644e-06,5.779e-06
1,64,4.676e-06,3.659e-06,5.994e-06,4.525e-06,5.079e-06
1,64,5.28e-06,3.195e-06,8.237e-06,4.844e-06,8.237e-06
1,64,4.88e-06,2.039e-06,6.229e-06,5.626e-06,6.229e-06
1,64,4.74e-06,3.565e-06,6.358e-06,4.519e-06,6.358e-06
1,64,4.739e-06,3.276e-06,6.001e-06,4.84e-06,5.044e-06
1,64,4.701e-06,3.479e-06,5.726e-06,4.799e-06,5.726e-06
1,64,4.72e-06,4.028e-06,5.89e-06,4.481e-06,4.533e-06
1,64,4.586e-06,3.085e-06,5.143e-06,5.057e-06,5.099e-06
1,64,4.693e-06,4.017e-06,6.01e-06,4.373e-06,4.244e-06
1,64,4.602e-06,3.324e-06,5.255e-06,4.915e-06,5.255e-06
1,64,4.591e-06,3.765e-06,5.822e-06,4.388e-06,4.128e-06
1,64,4.686e-06,3.672e-06,5.579e-06,4.746e-06,5.579e-06
1,64,4.731e-06,3.462e-06,5.956e-06,4.752e-06,4.623e-06
1,64,4.61e-06,3.202e-06,6.028e-06,4.606e-06,6.028e-06
1,64,4.719e-06,2.939e-06,6.245e-06,4.846e-06,4.973e-06
1,64,4.651e-06,3.346e-06,6.19e-06,4.534e-06,6.19e-06
1,64,4.71e-06,3.261e-06,6.167e-06,4.706e-06,4.778e-06
1,64,4.694e-06,2.797e-06,6.368e-06,4.805e-06,6.368e-06
1,64,4.741e-06,2.896e-06,6.401e-06,4.833e-06,4.809e-06
1,64,4.816e-06,3.368e-06,6.319e-06,4.789e-06,6.319e-06
1,64,4.605e-06,3.082e-06,6.045e-06,4.646e-06,4.633e-06
1,64,4.734e-06,3.57e-06,6.084e-06,4.642e-06,6.084e-06
1,64,4.696e-06,3.194e-06,6.012e-06,4.79e-06,4.804e-06
1,64,4.659e-06,3.632e-06,6.063e-06,4.471e-06,6.063e-06
1,64,4.629e-06,3.043e-06,5.876e-06,4.799e-06,4.85e-06
1,64,4.84e-06,3.551e-06,6.531e-06,4.638e-06,6.531e-06
1,64,4.716e-06,3.416e-06,5.907e-06,4.77e-06,4.721e-06
1,64,4.78e-06,3.387e-06,6.195e-06,4.769e-06,6.195e-06
1,64,4.781e-06,3.318e-06,6.174e-06,4.817e-06,4.793e-06
1,64,4.799e-06,3.605e-06,6.321e-06,4.634e-06,6.321e-06
1,64,4.64e-06,2.979e-06,6.165e-06,4.709e-06,4.526e-06
1,64,4.724e-06,3.585e-06,6.203e-06,4.554e-06,6.203e-06
1,64,4.62e-06,3.032e-06,5.828e-06,4.81e-06,4.777e-06
1,64,4.697e-06,3.516e-06,6.192e-06,4.541e-06,6.192e-06
1,64,4.618e-06,3.079e-06,5.873e-06,4.761e-06,4.693e-06
1,64,4.624e-06,3.551e-06,5.845e-06,4.55e-06,5.845e-06
1,64,4.833e-06,3.126e-06,6.293e-06,4.957e-06,4.995e-06
1,64,4.761e-06,3.247e-06,6.401e-06,4.698e-06,6.401e-06
1,64,4.682e-06,2.995e-06,6.12e-06,4.807e-06,4.863e-06
1,64,4.807e-06,3.203e-06,6.472e-06,4.777e-06,6.472e-06
1,64,4.643e-06,3.333e-06,5.982e-06,4.628e-06,4.547e-06
1,64,4.62e-06,3.08e-06,5.985e-06,4.708e-06,5.985e-06
1,64,4.675e-06,3.289e-06,6.119e-06,4.647e-06,4.53e-06
1,64,4.841e-06,3.425e-06,6.569e-06,4.686e-06,6.569e-06
1,64,4.581e-06,2.844e-06,6.003e-06,4.738e-06,4.75e-06
1,64,4.851e-06,3.538e-06,6.152e-06,4.857e-06,6.152e-06
1,64,4.611e-06,3.456e-06,5.868e-06,4.561e-06,4.594e-06
1,64,4.704e-06,3.033e-06,6.203e-06,4.79e-06,6.203e-06
1,64,4.716e-06,3.102e-06,6.074e-06,4.845e-06,4.891e-06
1,64,4.778e-06,3.564e-06,6.534e-06,4.507e-06,6.534e-06
1,64,4.719e-06,3.157e-06,5.993e-06,4.862e-06,4.841e-06
1,64,4.769e-06,3.858e-06,6.195e-06,4.511e-06,6.195e-06
1,64,4.693e-06,3.299e-06,5.46e-06,5.007e-06,4.664e-06
1,64,4.598e-06,3.829e-06,5.782e-06,4.39e-06,5.782e-06
1,64,4.73e-06,3.473e-06,5.534e-06,4.957e-06,4.825e-06
1,64,4.746e-06,3.896e-06,6.171e-06,4.458e-06,6.171e-06
1,64,4.696e-06,3.356e-06,5.804e-06,4.813e-06,4.384e-06
1,64,4.756e-06,2.899e-06,6.646e-06,4.739e-06,6.646e-06
1,64,4.694e-06,3.25e-06,6.238e-06,4.644e-06,4.389e-06
1,64,4.896e-06,3.457e-06,6.633e-06,4.747e-06,6.633e-06
1,64,4.869e-06,2.888e-06,6.532e-06,5.029e-06,4.847e-06
1,64,4.727e-06,3.409e-06,6.373e-06,4.563e-06,6.373e-06
1,64,4.67e-06,3.171e-06,5.914e-06,4.797e-06,4.892e-06
1,64,4.698e-06,3.462e-06,6.131e-06,4.599e-06,6.131e-06
1,64,4.817e-06,2.849e-06,6.464e-06,4.977e-06,4.809e-06
1,64,4.763e-06,2.799e-06,6.576e-06,4.838e-06,6.576e-06
1,64,4.791e-06,3.625e-06,6.187e-06,4.676e-06,4.794e-06
1,64,4.625e-06,3.283e-06,5.84e-06,4.688e-06,5.84e-06
1,64,4.688e-06,3.553e-06,5.845e-06,4.677e-06,4.732e-06
1,64,4.654e-06,3.498e-06,5.815e-06,4.652e-06,5.815e-06
1,64,4.68e-06,3.18e-06,6.195e-06,4.673e-06,4.576e-06
1,64,4.686e-06,3.515e-06,5.726e-06,4.751e-06,5.726e-06
1,64,4.583e-06,3.083e-06,5.955e-06,4.647e-06,4.777e-06
1,64,4.836e-06,3.413e-06,6.548e-06,4.691e-06,6.548e-06
1,64,4.748e-06,3e-06,6.44e-06,4.777e-06,4.785e-06
1,64,4.749e-06,3.298e-06,6.129e-06,4.785e-06,6.129e-06
1,64,4.691e-06,2.891e-06,6.109e-06,4.881e-06,4.925e-06
1,64,4.706e-06,3.456e-06,6.405e-06,4.481e-06,6.405e-06
1,64,4.76e-06,3.192e-06,6.094e-06,4.878e-06,4.93e-06
1,64,4.592e-06,3.393e-06,6.124e-06,4.425e-06,6.124e-06
1,64,4.849e-06,3.289e-06,5.993e-06,5.056e-06,4.936e-06
1,64,4.631e-06,3.464e-06,6.194e-06,4.433e-06,6.194e-06
1,64,4.729e-06,2.988e-06,5.833e-06,5.047e-06,5.162e-06
1,64,4.689e-06,3.428e-06,6.271e-06,4.527e-06,6.271e-06
1,64,4.733e-06,3.296e-06,6.171e-06,4.732e-06,4.629e-06
1,64,4.931e-06,3.002e-06,6.677e-06,5.023e-06,6.677e-06
1,64,4.723e-06,3.219e-06,6.237e-06,4.718e-06,4.588e-06
1,64,4.682e-06,3.546e-06,5.863e-06,4.66e-06,5.863e-06
1,64,4.703e-06,3.549e-06,5.834e-06,4.714e-06,4.844e-06
1,64,4.624e-06,3.372e-06,5.997e-06,4.564e-06,5.997e-06
1,64,4.646e-06,3.059e-06,6.092e-06,4.717e-06,4.768e-06
1,64,4.912e-06,3.393e-06,6.68e-06,4.788e-06,6.68e-06
1,64,4.777e-06,2.798e-06,6.308e-06,5.001e-06,5.034e-06
1,64,4.789e-06,3.13e-06,6.639e-06,4.693e-06,6.639e-06
1,64,4.811e-06,3.118e-06,6.304e-06,4.912e-06,4.772e-06
1,64,4.664e-06,3.124e-06,6.297e-06,4.617e-06,6.297e-06
1,64,4.584e-06,3.018e-06,5.963e-06,4.677e-06,4.706e-06
1,64,4.74e-06,3.283e-06,6.273e-06,4.702e-06,6.273e-06
1,64,4.723e-06,3.304e-06,6.055e-06,4.767e-06,4.614e-06
1,64,4.707e-06,3.8e-06,5.995e-06,4.516e-06,5.995e-06
1,64,4.656e-06,3.698e-06,5.347e-06,4.789e-06,4.348e-06
1,64,4.579e-06,3.902e-06,5.284e-06,4.566e-06,5.284e-06
1,64,4.666e-06,4.052e-06,5.363e-06,4.625e-06,4.644e-06
1,64,4.634e-06,3.853e-06,5.088e-06,4.797e-06,5.088e-06
1,64,4.643e-06,4.259e-06,5.545e-06,4.383e-06,4.278e-06
1,64,4.615e-06,3.636e-06,5.225e-06,4.799e-06,5.225e-06
1,64,5.009e-06,4.451e-06,5.941e-06,4.822e-06,4.451e-06
1,64,4.788e-06,4.027e-06,6.337e-06,4.394e-06,4.027e-06
1,64,4.633e-06,3.474e-06,5.129e-06,4.965e-06,3.474e-06
1,64,4.773e-06,4.218e-06,5.925e-06,4.475e-06,4.306e-06
1,64,4.684e-06,3.541e-06,5.219e-06,4.987e-06,3.541e-06
1,64,4.751e-06,4.262e-06,5.635e-06,4.554e-06,4.459e-06
1,64,4.695e-06,3.93e-06,5.174e-06,4.839e-06,3.93e-06
1,64,4.736e-06,4.341e-06,5.482e-06,4.56e-06,4.765e-06
1,64,4.781e-06,4.293e-06,5.551e-06,4.64e-06,4.293e-06
1,64,4.654e-06,3.609e-06,5.515e-06,4.745e-06,5.515e-06
1,64,4.614e-06,3.615e-06,5.962e-06,4.44e-06,4.634e-06
1,64,4.759e-06,3.193e-06,5.903e-06,4.971e-06,5.903e-06
1,64,4.619e-06,3.493e-06,6.06e-06,4.461e-06,4.401e-06
1,64,4.746e-06,3.276e-06,6.04e-06,4.835e-06,6.04e-06
1,64,4.592e-06,3.192e-06,5.806e-06,4.685e-06,4.474e-06
1,64,4.675e-06,3.374e-06,6.082e-06,4.622e-06,6.082e-06
1,64,4.852e-06,3.006e-06,6.405e-06,4.998e-06,4.879e-06
1,64,4.732e-06,3.385e-06,6.235e-06,4.655e-06,6.235e-06
1,64,4.646e-06,3.121e-06,6.085e-06,4.69e-06,4.736e-06
1,64,4.682e-06,3.476e-06,6.261e-06,4.495e-06,6.261e-06
1,64,5.048e-06,3.226e-06,6.18e-06,5.394e-06,4.872e-06
1,64,4.617e-06,3.366e-06,5.951e-06,4.576e-06,5.951e-06
1,64,4.718e-06,3.118e-06,6.119e-06,4.817e-06,5.115e-06
1,64,4.573e-06,3.538e-06,5.873e-06,4.44e-06,5.873e-06
1,64,4.764e-06,2.966e-06,6.155e-06,4.968e-06,5.088e-06
1,64,4.616e-06,3.504e-06,5.829e-06,4.566e-06,5.829e-06
1,64,4.55e-06,3.276e-06,5.691e-06,4.617e-06,4.793e-06
1,64,4.734e-06,3.48e-06,5.788e-06,4.835e-06,5.788e-06
1,64,4.618e-06,3.726e-06,5.822e-06,4.462e-06,4.536e-06
1,64,4.559e-06,3.321e-06,5.511e-06,4.702e-06,5.511e-06
1,64,4.662e-06,3.387e-06,5.997e-06,4.631e-06,4.716e-06
1,64,4.581e-06,3.418e-06,5.881e-06,4.513e-06,5.881e-06
1,64,4.647e-06,3.166e-06,5.993e-06,4.715e-06,4.748e-06
1,64,4.646e-06,3.501e-06,5.945e-06,4.569e-06,5.945e-06
1,64,4.57e-06,3.092e-06,5.54e-06,4.823e-06,4.964e-06
1,64,4.702e-06,3.93e-06,5.994e-06,4.441e-06,5.994e-06
1,64,4.611e-06,3.288e-06,5.528e-06,4.813e-06,4.965e-06
1,64,4.682e-06,3.701e-06,6.174e-06,4.427e-06,6.174e-06
1,64,4.594e-06,2.938e-06,5.768e-06,4.835e-06,4.832e-06
1,64,4.685e-06,3.703e-06,6.203e-06,4.418e-06,6.203e-06
1,64,4.771e-06,3.867e-06,5.845e-06,4.685e-06,4.602e-06
1,64,4.603e-06,3.418e-06,5.074e-06,4.96e-06,5.035e-06
1,64,4.615e-06,4.159e-06,5.748e-06,4.277e-06,4.159e-06
1,64,4.658e-06,3.566e-06,5.311e-06,4.877e-06,5.311e-06
1,64,4.69e-06,3.884e-06,6e-06,4.439e-06,4.277e-06
1,64,4.637e-06,3.509e-06,5.667e-06,4.687e-06,5.667e-06
1,64,5.045e-06,4.528e-06,5.554e-06,5.048e-06,4.528e-06
1,64,4.668e-06,3.877e-06,5.699e-06,4.547e-06,4.867e-06
1,64,4.776e-06,3.823e-06,5.954e-06,4.664e-06,3.823e-06
1,64,4.652e-06,3.269e-06,5.618e-06,4.861e-06,5.618e-06
1,64,4.701e-06,3.618e-06,6.151e-06,4.518e-06,4.208e-06
1,64,4.57e-06,3.133e-06,5.61e-06,4.768e-06,5.61e-06
1,64,4.678e-06,3.237e-06,6.306e-06,4.584e-06,4.406e-06
1,64,4.614e-06,3.117e-06,5.843e-06,4.748e-06,5.843e-06
1,64,4.703e-06,3.638e-06,6.008e-06,4.584e-06,4.324e-06
1,64,4.523e-06,3.115e-06,5.663e-06,4.658e-06,5.663e-06
1,64,4.66e-06,3.142e-06,6.12e-06,4.689e-06,4.431e-06
1,64,4.684e-06,3.223e-06,6.278e-06,4.617e-06,6.278e-06
1,64,4.621e-06,2.617e-06,6.153e-06,4.858e-06,5.016e-06
1,64,4.776e-06,3.478e-06,6.236e-06,4.696e-06,6.236e-06
1,64,4.517e-06,3.227e-06,5.583e-06,4.629e-06,4.43e-06
1,64,4.71e-06,3.627e-06,5.855e-06,4.679e-06,5.855e-06
1,64,4.559e-06,3.362e-06,5.708e-06,4.583e-06,4.414e-06
1,64,4.541e-06,3.231e-06,5.75e-06,4.591e-06,5.75e-06
1,64,4.663e-06,3.218e-06,6.025e-06,4.705e-06,4.927e-06
1,64,4.644e-06,3.157e-06,6.028e-06,4.696e-06,6.028e-06
1,64,4.572e-06,3.336e-06,5.944e-06,4.504e-06,4.579e-06
1,64,4.673e-06,3.409e-06,5.946e-06,4.669e-06,5.946e-06
1,64,4.563e-06,3.384e-06,5.936e-06,4.466e-06,4.446e-06
1,64,4.581e-06,3.508e-06,5.729e-06,4.544e-06,5.729e-06
1,64,4.649e-06,3.369e-06,5.726e-06,4.751e-06,4.743e-06
1,64,4.675e-06,3.309e-06,6.165e-06,4.613e-06,6.165e-06
1,64,4.614e-06,2.978e-06,5.886e-06,4.796e-06,4.602e-06
1,64,4.709e-06,3.644e-06,6.306e-06,4.443e-06,6.306e-06
1,64,4.601e-06,2.923e-06,5.952e-06,4.764e-06,4.727e-06
1,64,4.765e-06,3.33e-06,6.214e-06,4.757e-06,6.214e-06
1,64,4.646e-06,3.406e-06,6.051e-06,4.563e-06,4.433e-06
1,64,5.133e-06,4.677e-06,5.903e-06,4.976e-06,5.903e-06
1,64,4.711e-06,3.626e-06,6.513e-06,4.352e-06,4.698e-06
1,64,4.546e-06,3.378e-06,5.538e-06,4.633e-06,5.538e-06
1,64,4.619e-06,3.414e-06,5.753e-06,4.655e-06,4.778e-06
1,64,4.607e-06,3.562e-06,5.761e-06,4.553e-06,5.761e-06
1,64,4.57e-06,3.561e-06,5.304e-06,4.708e-06,4.913e-06
1,64,4.706e-06,3.82e-06,5.702e-06,4.652e-06,5.702e-06
1,64,4.522e-06,3.307e-06,5.628e-06,4.576e-06,4.768e-06
1,64,4.64e-06,3.684e-06,5.858e-06,4.509e-06,5.858e-06
1,64,4.693e-06,3.315e-06,5.829e-06,4.815e-06,5.294e-06
1,64,4.56e-06,3.691e-06,5.712e-06,4.418e-06,5.712e-06
1,64,4.553e-06,3.124e-06,5.475e-06,4.807e-06,5.475e-06
1,64,4.629e-06,3.815e-06,5.924e-06,4.388e-06,5.924e-06
1,64,4.568e-06,3.388e-06,5.452e-06,4.716e-06,5.452e-06
1,64,4.7e-06,3.963e-06,5.825e-06,4.505e-06,5.825e-06
1,64,4.576e-06,3.499e-06,5.332e-06,4.738e-06,5.332e-06
1,64,4.61e-06,3.592e-06,5.652e-06,4.598e-06,5.652e-06
1,64,4.589e-06,3.121e-06,5.767e-06,4.735e-06,5.767e-06
1,64,4.645e-06,3.532e-06,6.21e-06,4.42e-06,6.21e-06
1,64,4.655e-06,3.053e-06,5.985e-06,4.792e-06,5.985e-06
1,64,4.718e-06,3.401e-06,6.35e-06,4.561e-06,6.35e-06
1,64,4.628e-06,3.143e-06,5.837e-06,4.766e-06,5.837e-06
1,64,4.635e-06,3.276e-06,5.971e-06,4.646e-06,5.971e-06
1,64,4.608e-06,3.233e-06,6.037e-06,4.58e-06,6.037e-06
1,64,4.723e-06,2.875e-06,6.158e-06,4.929e-06,6.158e-06
1,64,4.696e-06,3.172e-06,6.304e-06,4.654e-06,6.304e-06
1,64,4.722e-06,3.343e-06,6.336e-06,4.605e-06,6.336e-06
1,64,4.654e-06,3.327e-06,5.577e-06,4.856e-06,5.577e-06
1,64,4.598e-06,3.671e-06,5.86e-06,4.43e-06,5.86e-06
1,64,4.565e-06,3.323e-06,5.513e-06,4.711e-06,5.513e-06
1,64,4.712e-06,3.805e-06,5.983e-06,4.53e-06,5.983e-06
1,64,4.569e-06,3.111e-06,5.424e-06,4.871e-06,5.424e-06
1,64,4.798e-06,3.781e-06,6.394e-06,4.509e-06,6.394e-06
1,64,4.583e-06,3.045e-06,5.725e-06,4.781e-06,5.725e-06
1,64,4.777e-06,3.719e-06,6.209e-06,4.59e-06,6.209e-06
1,64,4.713e-06,3.379e-06,5.626e-06,4.924e-06,5.626e-06
1,64,4.58e-06,3.683e-06,5.81e-06,4.413e-06,5.81e-06
1,64,4.683e-06,3.141e-06,5.576e-06,5.007e-06,5.576e-06
1,64,4.657e-06,3.738e-06,6.231e-06,4.329e-06,6.231e-06
1,64,4.533e-06,2.969e-06,5.46e-06,4.852e-06,5.46e-06
1,64,4.708e-06,3.696e-06,6.33e-06,4.403e-06,6.33e-06
1,64,4.613e-06,3.124e-06,5.526e-06,4.9e-06,5.285e-06
1,64,4.656e-06,3.526e-06,6.29e-06,4.404e-06,6.29e-06
1,64,4.568e-06,3.183e-06,5.648e-06,4.72e-06,5.18e-06
1,64,4.755e-06,3.168e-06,6.485e-06,4.683e-06,6.485e-06
1,64,4.647e-06,2.88e-06,6.096e-06,4.806e-06,5.061e-06
1,64,4.768e-06,3.154e-06,6.441e-06,4.739e-06,6.441e-06
1,64,4.557e-06,3.206e-06,5.899e-06,4.561e-06,4.631e-06
1,64,4.653e-06,3.231e-06,5.902e-06,4.74e-06,5.902e-06
1,64,4.635e-06,3.168e-06,5.875e-06,4.748e-06,4.744e-06
1,64,5.255e-06,3.876e-06,6.439e-06,5.353e-06,6.109e-06
1,64,4.856e-06,3.319e-06,6.44e-06,4.833e-06,6.44e-06
1,64,4.65e-06,3.033e-06,6.173e-06,4.698e-06,5.633e-06
1,64,4.628e-06,2.98e-06,6.178e-06,4.677e-06,6.178e-06
1,64,4.749e-06,2.981e-06,6.283e-06,4.867e-06,5.516e-06
1,64,4.66e-06,3.383e-06,6.134e-06,4.561e-06,6.134e-06
1,64,4.669e-06,3.13e-06,6.118e-06,4.715e-06,5.413e-06
1,64,4.704e-06,3.363e-06,6.213e-06,4.621e-06,6.213e-06
1,64,4.697e-06,2.865e-06,6.243e-06,4.839e-06,5.787e-06
1,64,4.767e-06,3.365e-06,6.451e-06,4.626e-06,6.451e-06
1,64,4.723e-06,3.052e-06,6.084e-06,4.877e-06,5.812e-06
1,64,4.773e-06,3.391e-06,6.314e-06,4.694e-06,6.314e-06
1,64,4.8e-06,3.338e-06,6.194e-06,4.835e-06,6.194e-06
1,64,4.789e-06,3.342e-06,6.311e-06,4.751e-06,6.311e-06
1,64,4.677e-06,3.149e-06,6.145e-06,4.707e-06,6.145e-06
1,64,4.666e-06,3.126e-06,6.025e-06,4.757e-06,6.025e-06
1,64,4.8e-06,3.317e-06,6.523e-06,4.68e-06,6.523e-06
1,64,4.75e-06,2.968e-06,6.182e-06,4.925e-06,6.182e-06
1,64,4.799e-06,2.957e-06,6.588e-06,4.826e-06,6.588e-06
1,64,4.652e-06,3.095e-06,6.027e-06,4.742e-06,5.656e-06
1,64,4.751e-06,3.254e-06,6.245e-06,4.752e-06,6.245e-06
1,64,4.839e-06,3.161e-06,6.4e-06,4.897e-06,6.4e-06
1,64,4.761e-06,3.124e-06,6.335e-06,4.793e-06,6.335e-06
1,64,4.897e-06,3.44e-06,6.563e-06,4.793e-06,6.563e-06
1,64,4.764e-06,3.158e-06,6.301e-06,4.798e-06,6.301e-06
1,64,4.766e-06,3.305e-06,6.339e-06,4.71e-06,6.339e-06
1,64,4.681e-06,3.082e-06,6.127e-06,4.757e-06,6.057e-06
1,64,4.754e-06,3.223e-06,6.255e-06,4.769e-06,6.255e-06
1,64,4.833e-06,3.221e-06,6.264e-06,4.924e-06,6.225e-06
1,64,4.864e-06,3.327e-06,6.642e-06,4.743e-06,6.642e-06
1,64,4.81e-06,3e-06,6.329e-06,4.955e-06,6.041e-06
1,64,4.771e-06,3.28e-06,6.502e-06,4.652e-06,6.502e-06
1,64,4.671e-06,3.11e-06,6.088e-06,4.744e-06,6.088e-06
1,64,4.751e-06,3.319e-06,6.248e-06,4.719e-06,6.248e-06
1,64,4.725e-06,3.316e-06,6.117e-06,4.733e-06,6.117e-06
1,64,4.665e-06,3.195e-06,6.092e-06,4.687e-06,6.092e-06
1,64,4.756e-06,3.154e-06,6.255e-06,4.807e-06,6.255e-06
1,64,4.782e-06,3.034e-06,6.343e-06,4.876e-06,6.343e-06
1,64,4.743e-06,3.195e-06,6.386e-06,4.696e-06,6.386e-06
1,64,4.753e-06,3.075e-06,6.218e-06,4.859e-06,6.218e-06
1,64,4.813e-06,3.041e-06,6.551e-06,4.83e-06,6.551e-06
1,64,4.691e-06,3.275e-06,5.849e-06,4.819e-06,5.849e-06
1,64,4.799e-06,3.558e-06,6.51e-06,4.564e-06,6.51e-06
1,64,4.718e-06,2.938e-06,6.023e-06,4.955e-06,5.882e-06
1,64,4.815e-06,3.359e-06,6.452e-06,4.724e-06,6.452e-06
1,64,4.685e-06,3.073e-06,6.098e-06,4.785e-06,5.758e-06
1,64,4.761e-06,3.598e-06,6.282e-06,4.581e-06,6.282e-06
1,64,4.687e-06,3.493e-06,5.766e-06,4.744e-06,5.422e-06
1,64,4.635e-06,3.566e-06,5.469e-06,4.753e-06,5.469e-06
1,64,4.72e-06,3.801e-06,5.924e-06,4.578e-06,4.974e-06
1,64,4.742e-06,3.657e-06,5.553e-06,4.879e-06,5.553e-06
1,64,4.664e-06,3.882e-06,5.859e-06,4.457e-06,4.908e-06
1,64,4.763e-06,3.663e-06,5.361e-06,5.014e-06,5.361e-06
1,64,4.708e-06,4.033e-06,5.574e-06,4.612e-06,4.912e-06
1,64,4.654e-06,3.957e-06,5.336e-06,4.662e-06,5.336e-06
1,64,4.676e-06,3.756e-06,5.325e-06,4.811e-06,5.325e-06
1,64,4.708e-06,4.026e-06,5.906e-06,4.451e-06,5.906e-06
1,64,4.713e-06,3.183e-06,5.433e-06,5.118e-06,5.433e-06
1,64,4.81e-06,4.035e-06,6.436e-06,4.384e-06,6.436e-06
1,64,4.649e-06,3.024e-06,5.538e-06,5.017e-06,5.538e-06
1,64,4.795e-06,4.039e-06,6.44e-06,4.35e-06,6.44e-06
1,64,4.634e-06,3.134e-06,5.626e-06,4.888e-06,5.218e-06
1,64,4.838e-06,3.539e-06,6.639e-06,4.588e-06,6.639e-06
1,64,4.729e-06,2.767e-06,6.206e-06,4.972e-06,5.084e-06
1,64,4.808e-06,3.324e-06,6.529e-06,4.688e-06,6.529e-06
1,64,4.739e-06,3.232e-06,6.046e-06,4.84e-06,4.798e-06
1,64,4.667e-06,3.259e-06,6.199e-06,4.606e-06,6.199e-06
1,64,4.681e-06,3.04e-06,6.103e-06,4.79e-06,4.915e-06
1,64,4.704e-06,3.175e-06,6.285e-06,4.678e-06,6.285e-06
1,64,4.644e-06,3.078e-06,6.08e-06,4.708e-06,5.09e-06
1,64,4.854e-06,3.193e-06,6.514e-06,4.854e-06,6.514e-06
1,64,4.786e-06,3.565e-06,6.191e-06,4.693e-06,4.89e-06
1,64,4.778e-06,3.084e-06,6.232e-06,4.898e-06,6.232e-06
1,64,4.827e-06,3.592e-06,6.157e-06,4.78e-06,5.039e-06
1,64,4.734e-06,3.149e-06,6.062e-06,4.863e-06,6.062e-06
1,64,4.817e-06,3.313e-06,6.278e-06,4.838e-06,5.009e-06
1,64,5.033e-06,3.29e-06,7.089e-06,4.876e-06,7.089e-06
1,64,4.773e-06,2.828e-06,6.142e-06,5.06e-06,5.273e-06
1,64,4.884e-06,3.539e-06,6.494e-06,4.752e-06,6.494e-06
1,64,4.683e-06,3.04e-06,6.03e-06,4.83e-06,4.695e-06
1,64,4.844e-06,3.333e-06,6.566e-06,4.739e-06,6.566e-06
1,64,4.697e-06,2.992e-06,5.983e-06,4.906e-06,4.974e-06
1,64,4.804e-06,3.407e-06,6.412e-06,4.698e-06,6.412e-06
1,64,4.785e-06,2.774e-06,6.269e-06,5.048e-06,5.348e-06
1,64,4.869e-06,3.115e-06,6.562e-06,4.899e-06,6.562e-06
1,64,4.857e-06,2.866e-06,6.591e-06,4.986e-06,5.4e-06
1,64,4.779e-06,3.428e-06,6.482e-06,4.603e-06,6.482e-06
1,64,4.663e-06,2.995e-06,5.971e-06,4.843e-06,5.101e-06
1,64,4.807e-06,3.474e-06,6.465e-06,4.645e-06,6.465e-06
1,64,4.774e-06,3.062e-06,6.286e-06,4.873e-06,5.215e-06
1,64,4.859e-06,3.281e-06,6.701e-06,4.726e-06,6.701e-06
1,64,4.812e-06,2.958e-06,6.356e-06,4.968e-06,4.923e-06
1,64,5.023e-06,3.389e-06,6.887e-06,4.907e-06,6.887e-06
1,64,4.844e-06,2.966e-06,6.307e-06,5.052e-06,5.031e-06
1,64,4.873e-06,3.433e-06,6.785e-06,4.638e-06,6.785e-06
1,64,4.759e-06,2.919e-06,6.285e-06,4.916e-06,4.971e-06
1,64,4.974e-06,2.869e-06,7.081e-06,4.973e-06,7.081e-06
1,64,4.825e-06,2.999e-06,6.343e-06,4.979e-06,4.802e-06
1,64,4.817e-06,3.454e-06,6.531e-06,4.641e-06,6.531e-06
1,64,4.782e-06,3.038e-06,6.211e-06,4.939e-06,5.153e-06
1,64,4.84e-06,3.061e-06,6.602e-06,4.848e-06,6.602e-06
1,64,4.748e-06,3.075e-06,6.245e-06,4.836e-06,4.946e-06
1,64,4.842e-06,3.183e-06,6.559e-06,4.813e-06,6.559e-06
1,64,4.867e-06,2.845e-06,6.587e-06,5.019e-06,4.889e-06
1,64,4.923e-06,3.15e-06,6.93e-06,4.806e-06,6.93e-06
1,64,4.761e-06,2.826e-06,6.247e-06,4.985e-06,4.979e-06
1,64,4.94e-06,3.022e-06,6.994e-06,4.872e-06,6.994e-06
1,64,4.764e-06,3.016e-06,6.212e-06,4.914e-06,4.825e-06
1,64,4.905e-06,3.322e-06,6.678e-06,4.81e-06,6.678e-06
1,64,4.926e-06,2.931e-06,6.58e-06,5.097e-06,5.001e-06
1,64,4.91e-06,3.166e-06,6.751e-06,4.862e-06,6.751e-06
1,64,4.734e-06,3.042e-06,6.22e-06,4.837e-06,4.728e-06
1,64,4.894e-06,3.163e-06,6.743e-06,4.836e-06,6.743e-06
1,64,4.957e-06,3.486e-06,6.472e-06,4.934e-06,6.472e-06
1,64,4.746e-06,3.273e-06,6.21e-06,4.751e-06,6.186e-06
1,64,4.808e-06,3.225e-06,6.386e-06,4.812e-06,6.386e-06
1,64,4.878e-06,3.211e-06,6.427e-06,4.937e-06,6.427e-06
1,64,5.033e-06,3.047e-06,6.871e-06,5.108e-06,6.871e-06
1,64,4.824e-06,3.193e-06,6.229e-06,4.937e-06,6.198e-06
1,64,4.858e-06,3.466e-06,6.433e-06,4.767e-06,6.433e-06
1,64,4.851e-06,3.398e-06,6.468e-06,4.768e-06,6.468e-06
1,64,4.827e-06,2.862e-06,6.37e-06,5.037e-06,6.173e-06
1,64,4.851e-06,3.125e-06,6.694e-06,4.793e-06,6.694e-06
1,64,4.828e-06,3.278e-06,6.169e-06,4.933e-06,5.899e-06
1,64,5.011e-06,3.567e-06,6.389e-06,5.045e-06,6.389e-06
1,64,4.82e-06,3.336e-06,6.311e-06,4.816e-06,6.246e-06
1,64,4.856e-06,3.349e-06,6.39e-06,4.843e-06,6.39e-06
1,64,4.867e-06,3.235e-06,6.381e-06,4.925e-06,6.381e-06
1,64,4.966e-06,3.315e-06,6.656e-06,4.947e-06,6.656e-06
1,64,4.861e-06,3.368e-06,6.556e-06,4.76e-06,6.556e-06
1,64,4.837e-06,3.158e-06,6.335e-06,4.928e-06,6.197e-06
1,64,4.934e-06,3.212e-06,6.669e-06,4.927e-06,6.669e-06
1,64,4.845e-06,3.235e-06,6.381e-06,4.883e-06,6.381e-06
1,64,4.889e-06,3.315e-06,6.647e-06,4.797e-06,6.647e-06
1,64,4.911e-06,3.032e-06,6.631e-06,4.99e-06,6.631e-06
1,64,4.74e-06,3.218e-06,6.207e-06,4.767e-06,5.85e-06
1,64,4.943e-06,3.053e-06,6.636e-06,5.042e-06,6.636e-06
1,64,4.829e-06,3.042e-06,6.355e-06,4.96e-06,6.083e-06
1,64,5e-06,3.389e-06,6.685e-06,4.964e-06,6.685e-06
1,64,4.882e-06,3.21e-06,6.388e-06,4.965e-06,6.388e-06
1,64,5.219e-06,3.686e-06,6.956e-06,5.117e-06,6.956e-06
1,64,4.778e-06,3.262e-06,6.152e-06,4.849e-06,6.13e-06
1,64,4.848e-06,3.33e-06,6.493e-06,4.785e-06,6.493e-06
1,64,4.728e-06,3.121e-06,6.189e-06,4.8e-06,6.189e-06
1,64,4.764e-06,3.228e-06,6.371e-06,4.728e-06,6.371e-06
1,64,4.77e-06,3.263e-06,6.212e-06,4.802e-06,6.212e-06
1,64,4.791e-06,3.3e-06,6.281e-06,4.792e-06,6.281e-06
1,64,4.742e-06,3.017e-06,6.283e-06,4.835e-06,6.283e-06
1,64,4.892e-06,3.323e-06,6.528e-06,4.858e-06,6.528e-06
1,64,4.818e-06,3.224e-06,6.379e-06,4.834e-06,6.302e-06
1,64,4.802e-06,3.235e-06,6.395e-06,4.79e-06,6.395e-06
1,64,4.787e-06,3.256e-06,6.146e-06,4.873e-06,6.049e-06
1,64,4.691e-06,3.29e-06,6.228e-06,4.624e-06,6.228e-06
1,64,4.812e-06,2.865e-06,6.546e-06,4.919e-06,6.11e-06
1,64,4.728e-06,3.033e-06,6.373e-06,4.754e-06,6.373e-06
