run_id,msg_size,12_Avg-Duration_s,12_Min-Duration_s,12_Max-Duration_s,12_Median-Duration_s,12_MainRank-Duration_s
1,32768,4.5839e-05,4.148e-05,5.2382e-05,4.5433e-05,4.4105e-05
1,32768,4.5072e-05,3.7203e-05,5.2652e-05,4.5624e-05,4.0919e-05
1,32768,4.4576e-05,3.8976e-05,5.1912e-05,4.4496e-05,4.1219e-05
1,32768,4.4957e-05,3.65e-05,5.2462e-05,4.5289e-05,4.164e-05
1,32768,4.4616e-05,3.9457e-05,5.13e-05,4.4672e-05,4.3755e-05
1,32768,4.528e-05,4.0488e-05,5.7602e-05,4.4893e-05,4.0738e-05
1,32768,4.3126e-05,3.643e-05,4.8885e-05,4.3339e-05,3.9456e-05
1,32768,4.5295e-05,3.9497e-05,5.3224e-05,4.4883e-05,4.3854e-05
1,32768,4.5508e-05,3.9467e-05,5.2272e-05,4.5128e-05,4.6019e-05
1,32768,4.4441e-05,3.8234e-05,5.2121e-05,4.4256e-05,4.2983e-05
1,32768,4.4529e-05,3.9176e-05,5.1881e-05,4.4696e-05,4.4335e-05
1,32768,4.5397e-05,3.9286e-05,5.2963e-05,4.5594e-05,3.9305e-05
1,32768,4.5644e-05,4.1631e-05,5.2682e-05,4.5438e-05,4.3644e-05
1,32768,4.4908e-05,4.092e-05,5.0408e-05,4.4892e-05,4.2863e-05
1,32768,4.4621e-05,3.9487e-05,5.0819e-05,4.4215e-05,4.4175e-05
1,32768,4.4759e-05,4.0759e-05,5.2192e-05,4.392e-05,4.4576e-05
1,32768,4.4146e-05,3.7824e-05,5.2072e-05,4.421e-05,3.8333e-05
1,32768,4.5003e-05,3.8494e-05,5.2271e-05,4.5858e-05,3.8494e-05
1,32768,4.5001e-05,3.9406e-05,5.2602e-05,4.5117e-05,4.4605e-05
1,32768,4.4888e-05,4.132e-05,5.138e-05,4.5253e-05,4.159e-05
1,32768,4.5999e-05,4.2181e-05,5.3344e-05,4.5889e-05,4.6469e-05
1,32768,4.4178e-05,3.9788e-05,5.2543e-05,4.3936e-05,4.0257e-05
1,32768,4.4791e-05,3.8454e-05,5.1209e-05,4.4887e-05,3.9787e-05
1,32768,4.4856e-05,3.8475e-05,5.2101e-05,4.5258e-05,4.6289e-05
1,32768,4.4439e-05,3.7804e-05,5.136e-05,4.4426e-05,4.3143e-05
1,32768,4.6103e-05,4.1911e-05,5.3855e-05,4.5403e-05,4.8573e-05
1,32768,4.531e-05,4.0438e-05,5.2763e-05,4.5338e-05,4.2993e-05
1,32768,4.7384e-05,4.158e-05,5.3864e-05,4.6836e-05,4.158e-05
1,32768,4.4611e-05,3.8295e-05,5.1349e-05,4.4657e-05,4.7572e-05
1,32768,4.4452e-05,3.9377e-05,5.0778e-05,4.4831e-05,4.0057e-05
1,32768,4.4474e-05,4.0357e-05,4.9657e-05,4.4156e-05,4.0357e-05
1,32768,4.4624e-05,3.8224e-05,5.146e-05,4.4787e-05,4.3635e-05
1,32768,4.5514e-05,4.0588e-05,5.2893e-05,4.5228e-05,4.0588e-05
1,32768,4.528e-05,4.0639e-05,5.15e-05,4.5303e-05,4.4115e-05
1,32768,4.4949e-05,3.9557e-05,5.0909e-05,4.4857e-05,4.127e-05
1,32768,4.4839e-05,4.097e-05,5.1209e-05,4.4767e-05,4.2252e-05
1,32768,4.4463e-05,4.0719e-05,5.1561e-05,4.4351e-05,4.152e-05
1,32768,4.5504e-05,3.9666e-05,5.2622e-05,4.5508e-05,3.9666e-05
1,32768,4.4402e-05,4.086e-05,5.0408e-05,4.4116e-05,4.153e-05
1,32768,4.5098e-05,3.8114e-05,5.3955e-05,4.4877e-05,4.2071e-05
1,32768,4.4788e-05,3.9747e-05,5.1971e-05,4.4616e-05,4.2031e-05
1,32768,4.474e-05,4.1481e-05,5.1069e-05,4.5027e-05,4.1871e-05
1,32768,4.5375e-05,3.9055e-05,5.3685e-05,4.5819e-05,3.9236e-05
1,32768,4.4635e-05,3.9808e-05,5.2642e-05,4.4993e-05,4.1099e-05
1,32768,4.4414e-05,3.8785e-05,5.144e-05,4.4527e-05,4.0788e-05
1,32768,4.4463e-05,3.7994e-05,5.144e-05,4.4882e-05,4.3223e-05
1,32768,4.4735e-05,3.8825e-05,5.1851e-05,4.4185e-05,4.4094e-05
1,32768,4.6387e-05,4.1781e-05,5.4045e-05,4.5919e-05,4.4596e-05
1,32768,4.4674e-05,4.0038e-05,5.2933e-05,4.4396e-05,4.0768e-05
1,32768,4.4563e-05,4.0549e-05,5.2142e-05,4.4386e-05,4.1359e-05
1,32768,4.4486e-05,3.7081e-05,5.128e-05,4.4366e-05,3.7081e-05
1,32768,4.4168e-05,3.652e-05,5.1601e-05,4.4597e-05,3.652e-05
1,32768,4.6804e-05,4.0739e-05,5.3805e-05,4.6992e-05,4.7061e-05
1,32768,4.4046e-05,3.7573e-05,4.9717e-05,4.4371e-05,4.5928e-05
1,32768,4.4687e-05,3.6902e-05,5.0098e-05,4.4796e-05,4.3554e-05
1,32768,4.4358e-05,3.8194e-05,5.0427e-05,4.4266e-05,4.7021e-05
1,32768,4.4295e-05,3.8064e-05,4.9988e-05,4.3965e-05,4.4005e-05
1,32768,4.4419e-05,4.0559e-05,5.2152e-05,4.4466e-05,4.684e-05
1,32768,4.4567e-05,3.9457e-05,5.0448e-05,4.4957e-05,4.0317e-05
1,32768,4.4046e-05,3.5599e-05,5.0999e-05,4.4401e-05,4.6359e-05
1,32768,4.4399e-05,3.9186e-05,5.0618e-05,4.4561e-05,4.3063e-05
1,32768,4.4771e-05,3.7874e-05,5.2502e-05,4.4537e-05,4.5758e-05
1,32768,4.4082e-05,3.8334e-05,5.1651e-05,4.4777e-05,3.8624e-05
1,32768,4.4548e-05,3.8314e-05,5.0729e-05,4.4476e-05,4.6319e-05
1,32768,4.4618e-05,3.8665e-05,5.139e-05,4.4491e-05,4.7031e-05
1,32768,4.4573e-05,3.7513e-05,5.1451e-05,4.4606e-05,4.2853e-05
1,32768,4.4103e-05,3.646e-05,5.0729e-05,4.4091e-05,4.3274e-05
1,32768,4.4442e-05,4.0508e-05,5.0599e-05,4.4326e-05,4.2582e-05
1,32768,4.461e-05,3.9878e-05,5.0659e-05,4.408e-05,4.4335e-05
1,32768,4.4559e-05,3.9878e-05,5.2022e-05,4.4656e-05,4.3674e-05
1,32768,4.5378e-05,4.0639e-05,5.3423e-05,4.4732e-05,4.5187e-05
1,32768,4.4561e-05,3.9366e-05,5.1049e-05,4.3995e-05,4.5748e-05
1,32768,4.4474e-05,3.9978e-05,5.149e-05,4.4086e-05,4.163e-05
1,32768,4.5131e-05,4.095e-05,5.2241e-05,4.4511e-05,4.3654e-05
1,32768,4.4913e-05,4.155e-05,5.14e-05,4.4712e-05,4.3374e-05
1,32768,4.5829e-05,4.1711e-05,5.3044e-05,4.5543e-05,4.6289e-05
1,32768,4.4179e-05,3.8695e-05,5.0368e-05,4.4065e-05,4.3945e-05
1,32768,4.4394e-05,3.8134e-05,5.1661e-05,4.4291e-05,4.4465e-05
1,32768,4.5655e-05,4.0508e-05,5.3354e-05,4.5433e-05,4.5538e-05
1,32768,4.4766e-05,3.8344e-05,5.2081e-05,4.4892e-05,4.4746e-05
1,32768,4.5251e-05,4.109e-05,5.1801e-05,4.4717e-05,4.3163e-05
1,32768,4.4876e-05,3.7983e-05,5.2582e-05,4.4657e-05,3.7983e-05
1,32768,4.3878e-05,3.7733e-05,5.0589e-05,4.4055e-05,4.2742e-05
1,32768,4.4904e-05,3.9817e-05,5.2021e-05,4.4923e-05,4.2763e-05
1,32768,4.5229e-05,4.0669e-05,5.2562e-05,4.4962e-05,4.5367e-05
1,32768,4.5079e-05,4.0058e-05,5.2692e-05,4.5118e-05,4.3925e-05
1,32768,4.4528e-05,3.6631e-05,5.2092e-05,4.4551e-05,4.0698e-05
1,32768,4.4888e-05,4.0609e-05,5.2352e-05,4.4311e-05,4.3303e-05
1,32768,4.4747e-05,3.6881e-05,5.1671e-05,4.4612e-05,4.4696e-05
1,32768,4.3921e-05,3.7954e-05,5.0919e-05,4.3965e-05,4.3734e-05
1,32768,4.6586e-05,4.0838e-05,5.2723e-05,4.65e-05,4.0838e-05
1,32768,4.5543e-05,4.114e-05,5.3243e-05,4.4932e-05,4.8193e-05
1,32768,4.5277e-05,4.0578e-05,5.3424e-05,4.4802e-05,4.164e-05
1,32768,4.5354e-05,4.0007e-05,5.2832e-05,4.5814e-05,4.7351e-05
1,32768,4.3819e-05,3.8094e-05,5.0688e-05,4.4196e-05,4.1469e-05
1,32768,4.4291e-05,3.9506e-05,5.2542e-05,4.3965e-05,4.0739e-05
1,32768,4.441e-05,3.9667e-05,5.1691e-05,4.4581e-05,4.2882e-05
1,32768,4.4963e-05,3.9667e-05,5.0859e-05,4.4962e-05,4.2572e-05
1,32768,4.43e-05,3.9526e-05,5.141e-05,4.4431e-05,4.1691e-05
1,32768,4.4309e-05,3.9917e-05,5.2262e-05,4.3925e-05,4.1289e-05
1,32768,4.4525e-05,3.9616e-05,5.13e-05,4.4716e-05,4.64e-05
1,32768,4.4499e-05,3.8365e-05,5.0959e-05,4.4742e-05,4.4216e-05
1,32768,4.4608e-05,3.8074e-05,5.0899e-05,4.4511e-05,4.3003e-05
1,32768,4.4788e-05,3.9096e-05,5.2021e-05,4.5053e-05,3.9697e-05
1,32768,4.4896e-05,4.0408e-05,5.14e-05,4.4782e-05,4.2572e-05
1,32768,4.4849e-05,3.6741e-05,5.2382e-05,4.5167e-05,4.5157e-05
1,32768,4.4756e-05,3.8775e-05,5.16e-05,4.5027e-05,4.2853e-05
1,32768,4.5155e-05,4.0398e-05,5.2473e-05,4.5052e-05,4.7481e-05
1,32768,4.5454e-05,3.7492e-05,5.2121e-05,4.5118e-05,3.7492e-05
1,32768,4.5226e-05,4.0078e-05,5.2973e-05,4.5023e-05,4.187e-05
1,32768,4.4587e-05,3.8284e-05,5.1771e-05,4.4607e-05,4.2732e-05
1,32768,4.4527e-05,3.8254e-05,5.145e-05,4.4857e-05,4.6169e-05
1,32768,4.4759e-05,3.6691e-05,5.128e-05,4.4872e-05,4.1901e-05
1,32768,4.5285e-05,3.9967e-05,5.14e-05,4.4632e-05,4.145e-05
1,32768,4.5474e-05,4.1331e-05,5.3093e-05,4.5108e-05,4.3443e-05
1,32768,4.4772e-05,3.8565e-05,5.2853e-05,4.4707e-05,4.131e-05
1,32768,4.4921e-05,4.0308e-05,5.2422e-05,4.4912e-05,4.2432e-05
1,32768,4.4753e-05,3.9998e-05,5.107e-05,4.4532e-05,4.3734e-05
1,32768,4.5315e-05,4.0108e-05,5.3314e-05,4.4816e-05,4.3013e-05
1,32768,4.4837e-05,3.9576e-05,5.1871e-05,4.4967e-05,4.3103e-05
1,32768,4.4652e-05,3.6881e-05,5.2733e-05,4.4942e-05,4.2723e-05
1,32768,4.4445e-05,3.8124e-05,5.2202e-05,4.5057e-05,4.1941e-05
1,32768,4.4906e-05,4.0729e-05,5.145e-05,4.5032e-05,4.3233e-05
1,32768,4.4092e-05,3.6972e-05,5.2933e-05,4.4015e-05,4.1911e-05
1,32768,4.4309e-05,3.7943e-05,5.1751e-05,4.4267e-05,4.3884e-05
1,32768,4.5471e-05,3.9637e-05,5.2723e-05,4.5352e-05,4.5417e-05
1,32768,4.4693e-05,4.0098e-05,5.1731e-05,4.4757e-05,4.0098e-05
1,32768,4.4586e-05,3.9707e-05,4.9076e-05,4.4841e-05,3.9707e-05
1,32768,4.5229e-05,3.8254e-05,5.4736e-05,4.4862e-05,4.4055e-05
1,32768,4.4574e-05,3.6059e-05,5.1681e-05,4.4521e-05,3.6059e-05
1,32768,4.4634e-05,3.9396e-05,5.1119e-05,4.4641e-05,4.0818e-05
1,32768,4.4578e-05,3.8645e-05,5.0399e-05,4.4827e-05,4.5578e-05
1,32768,4.5111e-05,4.157e-05,5.2252e-05,4.4701e-05,4.183e-05
1,32768,4.5344e-05,4.2012e-05,5.157e-05,4.4672e-05,4.5938e-05
1,32768,4.4352e-05,3.8073e-05,5.2052e-05,4.4296e-05,4.3214e-05
1,32768,4.543e-05,3.9977e-05,5.141e-05,4.5683e-05,4.3945e-05
1,32768,4.4938e-05,4.121e-05,5.1891e-05,4.4647e-05,4.6079e-05
1,32768,4.4807e-05,4.1491e-05,5.142e-05,4.4536e-05,4.3023e-05
1,32768,4.576e-05,4.3374e-05,5.2061e-05,4.5459e-05,4.5728e-05
1,32768,4.4753e-05,4.0549e-05,5.1049e-05,4.4206e-05,4.3403e-05
1,32768,4.5897e-05,4.111e-05,5.2232e-05,4.5834e-05,4.3654e-05
1,32768,4.4849e-05,3.8184e-05,5.139e-05,4.4922e-05,4.5457e-05
1,32768,4.4674e-05,3.9807e-05,5.101e-05,4.4912e-05,4.4436e-05
1,32768,4.4847e-05,3.9116e-05,5.137e-05,4.5148e-05,4.4797e-05
1,32768,4.414e-05,3.7313e-05,5.2121e-05,4.4682e-05,4.0198e-05
1,32768,4.5701e-05,3.8635e-05,5.3404e-05,4.639e-05,4.4426e-05
1,32768,4.4003e-05,3.7071e-05,5.2312e-05,4.4011e-05,3.9766e-05
1,32768,4.3617e-05,3.623e-05,5.0298e-05,4.413e-05,4.157e-05
1,32768,4.5304e-05,4.2432e-05,5.0979e-05,4.4601e-05,4.3814e-05
1,32768,4.4827e-05,4.0067e-05,5.0989e-05,4.4952e-05,4.0067e-05
1,32768,4.4827e-05,3.7873e-05,5.161e-05,4.4992e-05,3.7873e-05
1,32768,4.4425e-05,3.7352e-05,5.0398e-05,4.4045e-05,4.1369e-05
1,32768,4.4691e-05,3.7222e-05,5.0057e-05,4.5163e-05,4.6209e-05
1,32768,4.4581e-05,3.9387e-05,5.0408e-05,4.4331e-05,4.2211e-05
1,32768,4.5045e-05,3.9476e-05,5.2131e-05,4.5623e-05,3.9476e-05
1,32768,4.5349e-05,3.8464e-05,5.2793e-05,4.5489e-05,4.0168e-05
1,32768,4.457e-05,3.9406e-05,5.2483e-05,4.4215e-05,4.2772e-05
1,32768,4.4853e-05,3.7513e-05,5.2362e-05,4.4937e-05,4.3303e-05
1,32768,4.4745e-05,3.7753e-05,5.1441e-05,4.5318e-05,3.7753e-05
1,32768,4.451e-05,3.9236e-05,5.137e-05,4.4442e-05,4.175e-05
1,32768,4.46e-05,3.8986e-05,5.0769e-05,4.4893e-05,4.3143e-05
1,32768,4.5287e-05,4.0117e-05,5.1891e-05,4.4932e-05,4.5247e-05
1,32768,4.4179e-05,3.9246e-05,5.0469e-05,4.415e-05,4.2312e-05
1,32768,4.4777e-05,3.622e-05,5.3454e-05,4.4947e-05,4.0729e-05
1,32768,4.4353e-05,4.0208e-05,5.0969e-05,4.4512e-05,4.0869e-05
1,32768,4.5761e-05,4.0839e-05,5.4466e-05,4.5419e-05,4.0839e-05
1,32768,4.499e-05,4.083e-05,5.1881e-05,4.4527e-05,4.7411e-05
1,32768,4.4219e-05,3.617e-05,5.1891e-05,4.4311e-05,4.3424e-05
1,32768,4.4636e-05,3.633e-05,5.2963e-05,4.5261e-05,4.0167e-05
1,32768,4.4416e-05,3.9156e-05,5.1731e-05,4.4581e-05,3.9156e-05
1,32768,4.619e-05,4.121e-05,5.1921e-05,4.614e-05,4.3434e-05
1,32768,4.411e-05,3.8835e-05,5.0499e-05,4.4456e-05,4.152e-05
1,32768,4.4955e-05,4.1109e-05,5.3284e-05,4.4487e-05,4.2281e-05
1,32768,4.4726e-05,3.6731e-05,5.2482e-05,4.4972e-05,4.4737e-05
1,32768,4.4155e-05,3.6019e-05,5.117e-05,4.4682e-05,3.6019e-05
1,32768,4.6218e-05,3.9667e-05,5.4095e-05,4.6605e-05,4.19e-05
1,32768,4.4792e-05,3.9587e-05,5.1871e-05,4.4691e-05,4.1811e-05
1,32768,4.4483e-05,3.9557e-05,5.178e-05,4.4291e-05,4.6029e-05
1,32768,4.4196e-05,4.0278e-05,5.135e-05,4.4712e-05,4.1109e-05
1,32768,4.5575e-05,4.155e-05,5.2823e-05,4.5398e-05,4.155e-05
1,32768,4.7399e-05,4.165e-05,5.2913e-05,4.7367e-05,4.2842e-05
1,32768,4.5095e-05,3.8444e-05,5.146e-05,4.5438e-05,4.6299e-05
1,32768,4.4951e-05,4.133e-05,5.2241e-05,4.4726e-05,4.2101e-05
1,32768,4.4779e-05,3.9647e-05,5.2652e-05,4.4336e-05,4.4376e-05
1,32768,4.4259e-05,3.6691e-05,5.0519e-05,4.4326e-05,4.2011e-05
1,32768,4.4163e-05,3.8684e-05,5.1982e-05,4.4236e-05,3.8684e-05
1,32768,4.5113e-05,3.9246e-05,5.3274e-05,4.5398e-05,4.2772e-05
1,32768,4.3773e-05,3.7613e-05,4.9376e-05,4.3249e-05,4.4936e-05
1,32768,4.4221e-05,3.7834e-05,5.0027e-05,4.4371e-05,4.4395e-05
1,32768,4.418e-05,3.8575e-05,5.1501e-05,4.4161e-05,3.8575e-05
1,32768,4.3668e-05,3.7853e-05,4.9837e-05,4.3941e-05,3.9546e-05
1,32768,4.4238e-05,3.9506e-05,5.0318e-05,4.4286e-05,4.5578e-05
1,32768,4.3974e-05,3.8274e-05,5.1079e-05,4.392e-05,4.0237e-05
1,32768,7.4631e-05,3.7914e-05,0.000542687,4.4391e-05,3.8825e-05
1,32768,4.4762e-05,3.8705e-05,5.1269e-05,4.4912e-05,3.8705e-05
1,32768,4.4405e-05,3.9897e-05,5.0799e-05,4.4216e-05,4.1419e-05
1,32768,4.4201e-05,3.9467e-05,5.0378e-05,4.416e-05,4.4335e-05
1,32768,4.5349e-05,3.7893e-05,5.3605e-05,4.4667e-05,3.7893e-05
1,32768,4.5427e-05,4.1421e-05,5.17e-05,4.5334e-05,4.2362e-05
1,32768,4.3841e-05,3.604e-05,4.9736e-05,4.4296e-05,4.0187e-05
1,32768,4.4304e-05,3.7833e-05,5.2072e-05,4.4556e-05,4.0938e-05
1,32768,4.5397e-05,3.8955e-05,5.2392e-05,4.5152e-05,4.6529e-05
1,32768,4.4668e-05,3.9086e-05,5.098e-05,4.4987e-05,4.3764e-05
1,32768,4.4675e-05,4.133e-05,5.0177e-05,4.3855e-05,4.672e-05
1,32768,4.3848e-05,3.8555e-05,4.9315e-05,4.3585e-05,4.3624e-05
1,32768,4.4272e-05,3.8495e-05,5.13e-05,4.4486e-05,4.1099e-05
1,32768,4.6308e-05,4.2532e-05,5.2072e-05,4.5433e-05,5.0197e-05
1,32768,4.4225e-05,3.8244e-05,5.128e-05,4.403e-05,3.8244e-05
1,32768,4.382e-05,3.7693e-05,4.9487e-05,4.4266e-05,4.4986e-05
1,32768,4.4249e-05,3.8705e-05,5.161e-05,4.428e-05,4.4316e-05
1,32768,4.4033e-05,3.621e-05,5.105e-05,4.3765e-05,4.3022e-05
1,32768,4.4736e-05,3.6261e-05,5.2001e-05,4.5407e-05,4.5257e-05
1,32768,4.4139e-05,3.7222e-05,5.2372e-05,4.4371e-05,3.8855e-05
1,32768,4.4494e-05,3.637e-05,5.123e-05,4.4536e-05,4.181e-05
1,32768,4.4552e-05,3.6621e-05,5.2221e-05,4.4316e-05,4.6339e-05
1,32768,4.4346e-05,3.7783e-05,5.2522e-05,4.4266e-05,4.5578e-05
1,32768,4.5791e-05,3.9817e-05,5.2573e-05,4.5764e-05,4.645e-05
1,32768,4.4868e-05,3.7954e-05,5.145e-05,4.4512e-05,4.0167e-05
1,32768,4.4387e-05,4.0979e-05,5.0799e-05,4.4331e-05,4.159e-05
1,32768,4.4486e-05,3.7944e-05,5.2713e-05,4.374e-05,4.0268e-05
1,32768,4.4335e-05,3.9286e-05,5.131e-05,4.4451e-05,4.2492e-05
1,32768,4.4341e-05,3.8795e-05,5.2121e-05,4.4131e-05,4.0417e-05
1,32768,4.4232e-05,3.8925e-05,5.2252e-05,4.393e-05,3.8925e-05
1,32768,4.4961e-05,4.0018e-05,5.2322e-05,4.4467e-05,4.3484e-05
1,32768,4.4786e-05,3.7463e-05,5.1962e-05,4.4877e-05,4.155e-05
1,32768,4.4875e-05,3.8545e-05,5.2662e-05,4.4661e-05,4.4596e-05
1,32768,4.4941e-05,3.9446e-05,5.1651e-05,4.5128e-05,4.0778e-05
1,32768,4.4901e-05,3.8224e-05,5.2913e-05,4.4937e-05,4.3404e-05
1,32768,4.5169e-05,3.6691e-05,5.5528e-05,4.4496e-05,3.6691e-05
1,32768,4.5244e-05,4.1941e-05,5.0528e-05,4.5058e-05,4.3724e-05
1,32768,4.4433e-05,3.9717e-05,5.0308e-05,4.4516e-05,4.5708e-05
1,32768,4.4586e-05,4.0628e-05,5.0979e-05,4.4146e-05,4.0628e-05
1,32768,4.5074e-05,4.124e-05,5.2042e-05,4.4688e-05,4.3103e-05
1,32768,4.4934e-05,4.114e-05,5.2031e-05,4.4151e-05,4.2161e-05
1,32768,4.5801e-05,3.7843e-05,5.4556e-05,4.6033e-05,4.6109e-05
1,32768,4.3754e-05,3.7152e-05,5.0117e-05,4.385e-05,4.0799e-05
1,32768,4.4548e-05,3.9717e-05,5.1921e-05,4.4486e-05,4.0839e-05
1,32768,4.4011e-05,3.5709e-05,5.2232e-05,4.393e-05,3.7913e-05
1,32768,4.4884e-05,3.9878e-05,5.4255e-05,4.4231e-05,4.2572e-05
1,32768,4.4457e-05,3.9336e-05,5.0889e-05,4.418e-05,4.2371e-05
1,32768,4.4235e-05,3.6661e-05,5.1691e-05,4.4435e-05,4.8042e-05
1,32768,4.5167e-05,4.0949e-05,5.2402e-05,4.4682e-05,4.1039e-05
1,32768,4.4173e-05,3.8274e-05,5.0498e-05,4.4401e-05,4.6349e-05
1,32768,4.458e-05,3.8255e-05,5.0839e-05,4.4592e-05,4.6209e-05
1,32768,4.4169e-05,3.7392e-05,5.1169e-05,4.4135e-05,4.0939e-05
1,32768,4.4579e-05,4.113e-05,5.0118e-05,4.3976e-05,4.3173e-05
1,32768,4.4904e-05,3.9556e-05,5.1851e-05,4.4336e-05,4.4004e-05
1,32768,4.528e-05,3.8825e-05,5.3053e-05,4.5543e-05,3.8825e-05
1,32768,4.3903e-05,3.9697e-05,5.0749e-05,4.343e-05,4.0548e-05
1,32768,4.4135e-05,3.6931e-05,5.1491e-05,4.4251e-05,4.0308e-05
1,32768,4.4153e-05,3.8825e-05,5.0478e-05,4.4366e-05,4.0888e-05
1,32768,4.4385e-05,4.0108e-05,5.2652e-05,4.4221e-05,4.153e-05
1,32768,4.4611e-05,3.9617e-05,5.2342e-05,4.3915e-05,4.2111e-05
1,32768,4.5365e-05,3.9747e-05,5.177e-05,4.5819e-05,4.0929e-05
1,32768,4.4551e-05,3.8765e-05,5.1851e-05,4.4902e-05,4.2181e-05
1,32768,4.4923e-05,3.7543e-05,5.2422e-05,4.4982e-05,3.9757e-05
1,32768,4.4667e-05,3.8395e-05,5.3914e-05,4.4361e-05,3.9516e-05
1,32768,4.4467e-05,3.7793e-05,5.1971e-05,4.389e-05,4.3794e-05
1,32768,4.482e-05,4.0228e-05,5.13e-05,4.5167e-05,4.2251e-05
1,32768,4.4512e-05,4.1401e-05,5.1431e-05,4.39e-05,4.657e-05
1,32768,4.499e-05,3.9276e-05,5.3174e-05,4.4371e-05,4.2993e-05
1,32768,4.492e-05,3.6501e-05,5.3354e-05,4.4786e-05,4.671e-05
1,32768,4.4734e-05,3.7893e-05,5.2783e-05,4.4998e-05,3.7893e-05
1,32768,4.5133e-05,4.0028e-05,5.2512e-05,4.4952e-05,4.2702e-05
1,32768,4.4537e-05,3.6922e-05,5.2883e-05,4.4491e-05,4.141e-05
1,32768,4.429e-05,3.8704e-05,5.2442e-05,4.4331e-05,3.8704e-05
1,32768,4.4551e-05,3.7593e-05,5.2402e-05,4.4436e-05,4.3473e-05
1,32768,4.3256e-05,3.7683e-05,4.9276e-05,4.3589e-05,3.7863e-05
1,32768,4.5655e-05,4.0579e-05,5.0559e-05,4.5564e-05,4.7221e-05
1,32768,4.4101e-05,3.8455e-05,5.0208e-05,4.4351e-05,4.149e-05
1,32768,4.3792e-05,3.9376e-05,5.0909e-05,4.3604e-05,3.9376e-05
1,32768,4.4457e-05,3.9736e-05,5.126e-05,4.4331e-05,4.4516e-05
1,32768,4.4876e-05,4.0469e-05,5.149e-05,4.4166e-05,4.2923e-05
1,32768,4.4923e-05,4.09e-05,5.1931e-05,4.4366e-05,4.2231e-05
1,32768,4.4485e-05,3.8445e-05,5.2261e-05,4.4952e-05,4.155e-05
1,32768,4.4613e-05,3.8485e-05,5.1651e-05,4.4276e-05,4.2141e-05
1,32768,4.5017e-05,4.086e-05,5.1961e-05,4.4877e-05,4.4275e-05
1,32768,4.4422e-05,4.0378e-05,5.0979e-05,4.4607e-05,4.2441e-05
1,32768,4.5774e-05,4.2002e-05,5.2813e-05,4.5082e-05,4.2481e-05
1,32768,4.4911e-05,4.2192e-05,5.1069e-05,4.4747e-05,4.6009e-05
1,32768,4.4662e-05,3.8284e-05,5.0698e-05,4.4281e-05,4.4275e-05
1,32768,4.5372e-05,4.1761e-05,5.171e-05,4.5038e-05,4.2492e-05
1,32768,4.4749e-05,3.6571e-05,5.134e-05,4.5068e-05,4.4516e-05
1,32768,4.4875e-05,4.0218e-05,5.1099e-05,4.4797e-05,4.1961e-05
1,32768,4.4353e-05,3.7894e-05,5.148e-05,4.42e-05,4.3393e-05
1,32768,4.4048e-05,3.8204e-05,5.131e-05,4.392e-05,4.0739e-05
1,32768,4.5073e-05,3.9857e-05,5.3465e-05,4.4516e-05,4.0748e-05
1,32768,4.4507e-05,3.6671e-05,5.112e-05,4.4677e-05,4.2281e-05
1,32768,4.4586e-05,3.8584e-05,5.152e-05,4.4496e-05,4.3433e-05
1,32768,4.4343e-05,3.7693e-05,5.0889e-05,4.4451e-05,4.4706e-05
1,32768,4.4448e-05,3.9947e-05,5.0798e-05,4.4882e-05,4.2131e-05
1,32768,4.4287e-05,3.9286e-05,5.1851e-05,4.4471e-05,4.2793e-05
1,32768,4.5142e-05,4.1751e-05,5.2332e-05,4.4997e-05,4.5097e-05
1,32768,4.6025e-05,3.8254e-05,5.3163e-05,4.6145e-05,4.3564e-05
1,32768,4.5143e-05,4.0518e-05,5.2121e-05,4.5388e-05,4.0668e-05
1,32768,4.4229e-05,3.7382e-05,4.9947e-05,4.4812e-05,4.2662e-05
1,32768,4.3894e-05,3.8845e-05,5.0608e-05,4.4211e-05,4.1139e-05
1,32768,4.4981e-05,4.0047e-05,5.2432e-05,4.5158e-05,4.0047e-05
1,32768,4.5123e-05,4.0158e-05,5.0989e-05,4.5543e-05,4.0869e-05
1,32768,4.4702e-05,4.129e-05,5.0328e-05,4.4861e-05,4.1901e-05
1,32768,4.4626e-05,3.9647e-05,5.142e-05,4.4622e-05,4.1199e-05
1,32768,4.4771e-05,3.8755e-05,5.2212e-05,4.4902e-05,4.2933e-05
1,32768,4.5185e-05,4.0659e-05,5.2402e-05,4.5372e-05,4.125e-05
1,32768,4.5797e-05,3.9927e-05,5.3624e-05,4.6189e-05,4.1961e-05
1,32768,4.5058e-05,4.093e-05,5.0638e-05,4.5132e-05,4.5869e-05
1,32768,4.4308e-05,4.0077e-05,5.175e-05,4.4161e-05,4.3474e-05
1,32768,4.5293e-05,4.1269e-05,5.2553e-05,4.4828e-05,4.2522e-05
1,32768,4.4464e-05,3.7974e-05,5.1651e-05,4.4361e-05,4.0819e-05
1,32768,4.581e-05,3.8324e-05,5.1951e-05,4.5804e-05,3.8324e-05
1,32768,4.4203e-05,3.9186e-05,5.119e-05,4.4701e-05,4.4827e-05
1,32768,4.4566e-05,3.8305e-05,5.1059e-05,4.4416e-05,4.4636e-05
1,32768,4.4511e-05,3.8163e-05,5.1681e-05,4.4271e-05,3.8163e-05
1,32768,4.4154e-05,3.8865e-05,5.0398e-05,4.4145e-05,4.2111e-05
1,32768,4.4588e-05,3.9256e-05,5.0148e-05,4.4466e-05,4.178e-05
1,32768,4.431e-05,3.9958e-05,5.0789e-05,4.4035e-05,4.0528e-05
1,32768,4.4998e-05,4.0428e-05,5.1771e-05,4.4286e-05,4.0428e-05
1,32768,4.5124e-05,4.137e-05,5.1801e-05,4.4546e-05,4.4576e-05
1,32768,4.4409e-05,4.0969e-05,5.1129e-05,4.4006e-05,4.1841e-05
1,32768,4.5031e-05,4.135e-05,5.2752e-05,4.4657e-05,4.4506e-05
1,32768,4.4564e-05,4.0258e-05,4.9577e-05,4.425e-05,4.4345e-05
1,32768,4.5413e-05,4.126e-05,5.2963e-05,4.5113e-05,4.3644e-05
1,32768,4.4796e-05,3.9066e-05,5.2543e-05,4.4747e-05,4.2212e-05
1,32768,4.4705e-05,4.11e-05,5.1971e-05,4.4607e-05,4.2462e-05
1,32768,4.481e-05,4.0017e-05,5.1881e-05,4.5007e-05,4.1099e-05
1,32768,4.4191e-05,3.8925e-05,4.9676e-05,4.387e-05,4.3354e-05
1,32768,4.4206e-05,4.0358e-05,4.9887e-05,4.4351e-05,4.1701e-05
1,32768,4.4421e-05,3.6521e-05,5.11e-05,4.4597e-05,4.648e-05
1,32768,4.4493e-05,3.7643e-05,5.2152e-05,4.5227e-05,4.158e-05
1,32768,4.4997e-05,4.0788e-05,5.2623e-05,4.4526e-05,4.0788e-05
1,32768,4.5596e-05,4.1531e-05,5.2162e-05,4.5413e-05,4.7692e-05
1,32768,4.4777e-05,3.9867e-05,5.2663e-05,4.4517e-05,4.3463e-05
1,32768,4.4461e-05,3.9687e-05,5.1982e-05,4.4301e-05,3.9687e-05
1,32768,4.4373e-05,3.9266e-05,5.141e-05,4.4381e-05,4.4185e-05
1,32768,4.5291e-05,4.0098e-05,5.3153e-05,4.4988e-05,4.141e-05
1,32768,4.6046e-05,4.2152e-05,5.0649e-05,4.6314e-05,4.6069e-05
1,32768,4.4168e-05,3.8966e-05,5.0418e-05,4.418e-05,4.2492e-05
1,32768,4.4745e-05,4.0308e-05,5.169e-05,4.4121e-05,4.2842e-05
1,32768,4.4534e-05,4.0369e-05,5.2112e-05,4.5073e-05,4.0668e-05
1,32768,4.471e-05,3.8755e-05,5.2382e-05,4.4151e-05,4.3995e-05
1,32768,4.4442e-05,3.9227e-05,5.2472e-05,4.4396e-05,4.6118e-05
1,32768,4.4231e-05,3.8886e-05,5.126e-05,4.4236e-05,4.2632e-05
1,32768,4.4839e-05,3.8213e-05,5.1691e-05,4.5048e-05,3.8213e-05
1,32768,4.499e-05,4.111e-05,5.169e-05,4.4506e-05,4.661e-05
1,32768,4.5009e-05,3.9457e-05,5.103e-05,4.5048e-05,4.4165e-05
1,32768,4.4699e-05,3.8174e-05,5.122e-05,4.4812e-05,4.2992e-05
1,32768,4.4718e-05,3.7202e-05,5.2542e-05,4.4627e-05,4.0468e-05
1,32768,4.4538e-05,3.6641e-05,5.2252e-05,4.4436e-05,4.0118e-05
1,32768,4.433e-05,3.9777e-05,5.1821e-05,4.3399e-05,3.9987e-05
1,32768,4.517e-05,3.7032e-05,5.1571e-05,4.5157e-05,4.181e-05
1,32768,4.477e-05,3.8464e-05,5.169e-05,4.5123e-05,4.0077e-05
1,32768,4.4763e-05,3.9457e-05,5.135e-05,4.4792e-05,4.6009e-05
1,32768,4.4499e-05,3.7622e-05,5.142e-05,4.4532e-05,3.7622e-05
1,32768,4.424e-05,3.9156e-05,5.0679e-05,4.4155e-05,4.1951e-05
1,32768,4.4487e-05,4.0319e-05,5.0949e-05,4.4496e-05,4.2512e-05
1,32768,4.51e-05,4.0428e-05,5.113e-05,4.5302e-05,4.3594e-05
1,32768,4.4383e-05,3.8845e-05,5.1671e-05,4.395e-05,4.3514e-05
1,32768,4.4079e-05,3.7803e-05,5.2011e-05,4.4065e-05,3.7803e-05
1,32768,4.5032e-05,4.0719e-05,5.101e-05,4.4561e-05,4.4055e-05
1,32768,4.4758e-05,3.9737e-05,5.142e-05,4.4356e-05,4.0638e-05
1,32768,4.4253e-05,3.8705e-05,5.163e-05,4.414e-05,4.0468e-05
1,32768,4.507e-05,3.8895e-05,5.2132e-05,4.5217e-05,3.8895e-05
1,32768,4.4672e-05,3.5389e-05,5.1851e-05,4.4898e-05,4.0528e-05
1,32768,4.5146e-05,3.9937e-05,5.2071e-05,4.4751e-05,4.4075e-05
1,32768,4.433e-05,3.7673e-05,5.1691e-05,4.4336e-05,4.0638e-05
1,32768,4.4424e-05,3.8965e-05,5.0829e-05,4.4e-05,3.8965e-05
1,32768,4.4411e-05,3.6801e-05,5.1871e-05,4.5043e-05,3.6801e-05
1,32768,4.5031e-05,3.9447e-05,5.138e-05,4.5258e-05,4.6811e-05
1,32768,4.3739e-05,3.7152e-05,4.9736e-05,4.3434e-05,4.3263e-05
1,32768,4.4122e-05,3.9116e-05,5.0117e-05,4.4106e-05,4.2962e-05
1,32768,4.4454e-05,3.8324e-05,5.0779e-05,4.4145e-05,4.4064e-05
1,32768,4.5164e-05,4.125e-05,5.0889e-05,4.4882e-05,4.4025e-05
1,32768,4.4338e-05,3.8344e-05,5.1471e-05,4.4035e-05,4.0397e-05
1,32768,4.5112e-05,4.1981e-05,5.131e-05,4.4521e-05,4.4155e-05
1,32768,4.4947e-05,4.0959e-05,5.1981e-05,4.4246e-05,4.5278e-05
1,32768,4.4481e-05,3.9336e-05,5.0969e-05,4.4632e-05,4.3905e-05
1,32768,4.448e-05,4.099e-05,5.0859e-05,4.4115e-05,4.2882e-05
1,32768,4.4505e-05,3.8124e-05,5.098e-05,4.4251e-05,4.698e-05
1,32768,4.4959e-05,4.0248e-05,5.2111e-05,4.4701e-05,4.5007e-05
1,32768,4.4744e-05,4.0108e-05,5.2392e-05,4.4706e-05,4.1069e-05
1,32768,4.4264e-05,3.9536e-05,5.2172e-05,4.4506e-05,3.9536e-05
1,32768,4.4128e-05,3.8354e-05,5.0007e-05,4.3565e-05,4.3384e-05
1,32768,4.4891e-05,4.0218e-05,5.0077e-05,4.4702e-05,4.3654e-05
1,32768,4.4695e-05,3.9517e-05,5.151e-05,4.4862e-05,4.722e-05
1,32768,4.437e-05,3.6391e-05,5.1721e-05,4.4661e-05,3.7111e-05
1,32768,4.4666e-05,3.9977e-05,5.3444e-05,4.4431e-05,4.3053e-05
1,32768,4.3956e-05,3.7713e-05,5.0979e-05,4.3986e-05,4.2362e-05
1,32768,4.5821e-05,4.0238e-05,5.7512e-05,4.5017e-05,4.0748e-05
1,32768,4.5043e-05,4.0948e-05,5.2502e-05,4.4802e-05,4.0948e-05
1,32768,4.3975e-05,3.8805e-05,5.125e-05,4.3515e-05,3.8805e-05
1,32768,4.4682e-05,3.9125e-05,5.3104e-05,4.4537e-05,4.4515e-05
1,32768,4.4688e-05,3.8494e-05,5.2292e-05,4.4777e-05,3.8494e-05
1,32768,4.5049e-05,4.124e-05,5.2111e-05,4.4947e-05,4.3244e-05
1,32768,4.5281e-05,4.0849e-05,5.119e-05,4.4732e-05,4.4035e-05
1,32768,4.4163e-05,3.61e-05,5.0619e-05,4.4e-05,3.9676e-05
1,32768,4.4092e-05,3.8465e-05,5.1491e-05,4.3795e-05,4.4175e-05
1,32768,4.3968e-05,3.613e-05,5.1581e-05,4.4115e-05,4.0719e-05
1,32768,4.5787e-05,3.9226e-05,5.3224e-05,4.5803e-05,4.16e-05
1,32768,4.4303e-05,3.9477e-05,4.9726e-05,4.4301e-05,4.0168e-05
1,32768,4.4328e-05,3.9236e-05,5.0408e-05,4.4156e-05,4.2832e-05
1,32768,4.3919e-05,3.8885e-05,5.162e-05,4.4265e-05,3.8885e-05
1,32768,4.4362e-05,3.7132e-05,5.0518e-05,4.4595e-05,4.4175e-05
1,32768,4.4223e-05,3.639e-05,5.141e-05,4.4456e-05,4.3073e-05
1,32768,4.4102e-05,3.9186e-05,5.0027e-05,4.4195e-05,4.2482e-05
1,32768,4.4531e-05,3.8735e-05,5.1781e-05,4.4351e-05,4.2983e-05
1,32768,4.4304e-05,3.7413e-05,5.15e-05,4.4321e-05,4.2802e-05
1,32768,4.5001e-05,3.9676e-05,5.128e-05,4.5032e-05,3.9676e-05
1,32768,4.4712e-05,4.0408e-05,5.0499e-05,4.42e-05,4.2152e-05
1,32768,4.4602e-05,3.9566e-05,5.2001e-05,4.4461e-05,3.9566e-05
1,32768,4.451e-05,4.0228e-05,5.0328e-05,4.4166e-05,4.1059e-05
1,32768,4.4859e-05,3.9216e-05,5.1791e-05,4.4566e-05,4.4616e-05
1,32768,4.4505e-05,4.0137e-05,5.127e-05,4.4672e-05,4.0879e-05
1,32768,4.5345e-05,4.098e-05,5.2462e-05,4.4646e-05,4.3103e-05
1,32768,4.4782e-05,3.8805e-05,5.0098e-05,4.4185e-05,4.3855e-05
1,32768,4.4794e-05,4.0007e-05,5.0649e-05,4.5302e-05,4.2181e-05
1,32768,4.5031e-05,3.7392e-05,5.1561e-05,4.4973e-05,4.2532e-05
1,32768,4.5241e-05,4.0629e-05,5.3384e-05,4.4912e-05,4.3293e-05
1,32768,4.4992e-05,3.9275e-05,5.163e-05,4.425e-05,3.9275e-05
1,32768,4.4537e-05,3.9556e-05,5.152e-05,4.4586e-05,4.1961e-05
1,32768,4.5254e-05,3.5709e-05,5.2302e-05,4.5658e-05,4.3724e-05
1,32768,4.4251e-05,3.8845e-05,5.2081e-05,4.4226e-05,4.3153e-05
1,32768,4.4109e-05,3.7803e-05,5.1911e-05,4.4532e-05,4.0358e-05
1,32768,4.5911e-05,4.1401e-05,5.3664e-05,4.5885e-05,4.3023e-05
1,32768,4.465e-05,3.6781e-05,5.2002e-05,4.4497e-05,4.2221e-05
1,32768,4.4976e-05,4.0769e-05,5.2311e-05,4.5478e-05,4.2001e-05
1,32768,4.5252e-05,4.1421e-05,5.2052e-05,4.4942e-05,4.146e-05
1,32768,4.4989e-05,3.9967e-05,5.2663e-05,4.4978e-05,3.9967e-05
1,32768,4.6088e-05,3.8225e-05,5.3845e-05,4.6725e-05,3.9236e-05
1,32768,4.4796e-05,4.2091e-05,5.1009e-05,4.398e-05,4.2091e-05
1,32768,4.4306e-05,3.7623e-05,5.122e-05,4.4847e-05,3.7813e-05
1,32768,4.4198e-05,3.7612e-05,5.1611e-05,4.4431e-05,3.7612e-05
1,32768,4.4519e-05,3.7733e-05,5.1891e-05,4.4511e-05,4.6429e-05
1,32768,4.5931e-05,4.0638e-05,5.2883e-05,4.5504e-05,4.4807e-05
1,32768,4.5432e-05,4.0017e-05,5.1841e-05,4.5203e-05,4.0017e-05
1,32768,4.3585e-05,3.7773e-05,5.0839e-05,4.367e-05,3.9536e-05
1,32768,4.5666e-05,4.0689e-05,5.4186e-05,4.4847e-05,4.0689e-05
1,32768,4.3948e-05,3.7092e-05,5.149e-05,4.3925e-05,3.7733e-05
1,32768,4.5991e-05,3.9195e-05,5.3454e-05,4.6354e-05,3.9195e-05
1,32768,4.4924e-05,4.0228e-05,5.175e-05,4.4482e-05,4.1139e-05
1,32768,4.4119e-05,3.7653e-05,5.2552e-05,4.4351e-05,3.7653e-05
1,32768,4.4808e-05,3.8844e-05,5.1791e-05,4.4822e-05,3.8844e-05
1,32768,4.5036e-05,4.1942e-05,5.131e-05,4.4341e-05,4.4456e-05
1,32768,4.4438e-05,3.8074e-05,5.166e-05,4.4021e-05,4.15e-05
1,32768,4.4716e-05,3.9586e-05,5.156e-05,4.4451e-05,4.15e-05
1,32768,4.4373e-05,3.7863e-05,5.149e-05,4.4056e-05,3.7863e-05
1,32768,4.4282e-05,3.7443e-05,5.0778e-05,4.4622e-05,4.2973e-05
1,32768,4.5384e-05,4.1761e-05,5.1421e-05,4.4661e-05,4.2973e-05
1,32768,4.465e-05,3.6972e-05,5.174e-05,4.4927e-05,4.4245e-05
1,32768,4.3995e-05,3.7773e-05,4.9676e-05,4.3941e-05,4.6219e-05
1,32768,4.56e-05,4.107e-05,5.2672e-05,4.5913e-05,4.2723e-05
1,32768,4.3857e-05,3.7613e-05,5.0498e-05,4.3951e-05,3.8313e-05
1,32768,4.4827e-05,3.8735e-05,5.164e-05,4.4146e-05,4.3574e-05
1,32768,4.544e-05,3.5669e-05,5.3154e-05,4.4967e-05,4.3734e-05
1,32768,4.3954e-05,4.0749e-05,4.8855e-05,4.3515e-05,4.3514e-05
1,32768,4.4152e-05,3.9427e-05,5.0298e-05,4.406e-05,4.1099e-05
1,32768,4.4239e-05,3.9977e-05,5.0198e-05,4.396e-05,4.0788e-05
1,32768,4.5121e-05,3.9126e-05,5.139e-05,4.5318e-05,4.5458e-05
1,32768,4.4542e-05,3.8355e-05,5.2362e-05,4.4721e-05,4.13e-05
1,32768,4.4192e-05,3.6541e-05,5.142e-05,4.409e-05,4.3043e-05
1,32768,4.4566e-05,3.8224e-05,5.0168e-05,4.442e-05,4.4746e-05
1,32768,4.5375e-05,4.1691e-05,5.159e-05,4.5002e-05,4.1991e-05
1,32768,4.3976e-05,3.8946e-05,5.2232e-05,4.3178e-05,4.64e-05
1,32768,4.4076e-05,3.64e-05,5.1009e-05,4.4106e-05,4.2732e-05
1,32768,4.5544e-05,4.1761e-05,5.1951e-05,4.5523e-05,4.6309e-05
1,32768,4.4604e-05,4.0618e-05,5.1801e-05,4.4311e-05,4.0618e-05
1,32768,4.4546e-05,3.8244e-05,5.2482e-05,4.4241e-05,4.1991e-05
1,32768,4.437e-05,3.8174e-05,5.2232e-05,4.4011e-05,3.8174e-05
1,32768,4.4382e-05,3.6261e-05,5.1711e-05,4.4236e-05,4.1761e-05
1,32768,4.5169e-05,3.606e-05,5.0989e-05,4.5424e-05,4.4847e-05
1,32768,4.434e-05,3.8364e-05,5.0418e-05,4.4682e-05,4.0137e-05
1,32768,4.4478e-05,3.8254e-05,5.1169e-05,4.4621e-05,3.8254e-05
1,32768,4.46e-05,3.8244e-05,5.1911e-05,4.412e-05,4.2953e-05
1,32768,4.4264e-05,3.9095e-05,5.1871e-05,4.4592e-05,3.9095e-05
1,32768,4.5216e-05,4.1371e-05,5.166e-05,4.5694e-05,4.6299e-05
1,32768,4.4755e-05,3.9898e-05,5.0538e-05,4.4872e-05,4.172e-05
1,32768,4.397e-05,3.7693e-05,5.0949e-05,4.417e-05,4.3073e-05
1,32768,4.4788e-05,3.8734e-05,5.2983e-05,4.4376e-05,3.8734e-05
1,32768,0.000285927,3.9457e-05,0.003908127,4.4166e-05,0.003908127
1,32768,4.5914e-05,4.14e-05,4.9847e-05,4.6233e-05,4.7983e-05
1,32768,4.3488e-05,3.5709e-05,5.2422e-05,4.3679e-05,3.7752e-05
1,32768,4.4456e-05,3.8825e-05,5.155e-05,4.4176e-05,3.8825e-05
1,32768,4.5101e-05,3.8605e-05,5.159e-05,4.5097e-05,3.8605e-05
1,32768,4.4157e-05,3.8084e-05,5.141e-05,4.4472e-05,3.8084e-05
1,32768,4.3967e-05,3.636e-05,5.109e-05,4.4361e-05,3.636e-05
1,32768,4.447e-05,3.9826e-05,5.0458e-05,4.4651e-05,3.9826e-05
1,32768,4.4757e-05,4.0078e-05,5.2262e-05,4.4516e-05,4.1069e-05
1,32768,4.4846e-05,3.6561e-05,5.2372e-05,4.4837e-05,4.656e-05
1,32768,4.4693e-05,3.8063e-05,5.1901e-05,4.4787e-05,3.8063e-05
1,32768,4.4278e-05,3.9707e-05,5.174e-05,4.4201e-05,3.9707e-05
1,32768,4.4059e-05,3.8344e-05,5.0999e-05,4.4742e-05,4.0498e-05
1,32768,4.499e-05,4.0729e-05,5.1791e-05,4.4842e-05,4.153e-05
1,32768,4.3693e-05,3.6401e-05,4.9757e-05,4.3971e-05,3.7863e-05
1,32768,4.4201e-05,3.9867e-05,5.1971e-05,4.3895e-05,4.1991e-05
1,32768,4.4255e-05,3.9125e-05,5.146e-05,4.4647e-05,4.0599e-05
1,32768,4.3412e-05,3.644e-05,5.0107e-05,4.3961e-05,3.7822e-05
1,32768,4.4379e-05,3.7012e-05,5.1219e-05,4.5138e-05,3.9907e-05
1,32768,4.435e-05,3.6631e-05,5.179e-05,4.4621e-05,4.0478e-05
1,32768,4.4484e-05,3.7042e-05,5.1891e-05,4.4632e-05,4.0167e-05
1,32768,4.5132e-05,4.0989e-05,5.2112e-05,4.5213e-05,4.1179e-05
1,32768,4.4849e-05,3.9897e-05,5.2121e-05,4.4766e-05,3.9897e-05
1,32768,0.000298409,3.7903e-05,0.004108299,4.4035e-05,4.3403e-05
1,32768,4.4935e-05,4.0799e-05,4.9807e-05,4.4937e-05,4.4977e-05
1,32768,4.4237e-05,3.9055e-05,5.143e-05,4.4672e-05,4.1059e-05
1,32768,4.4231e-05,3.6601e-05,5.2873e-05,4.4892e-05,3.7051e-05
1,32768,4.4572e-05,4.1029e-05,5.1971e-05,4.4667e-05,4.1029e-05
1,32768,4.5022e-05,4.0779e-05,5.3224e-05,4.4823e-05,4.158e-05
1,32768,4.4332e-05,3.7683e-05,5.2773e-05,4.4282e-05,3.7683e-05
1,32768,4.4892e-05,4.0708e-05,5.109e-05,4.4677e-05,4.1419e-05
1,32768,4.4692e-05,4.1169e-05,5.2321e-05,4.3991e-05,4.1169e-05
1,32768,4.4387e-05,3.9066e-05,5.1681e-05,4.4236e-05,4.18e-05
1,32768,4.5774e-05,4.133e-05,5.2823e-05,4.5463e-05,4.8363e-05
1,32768,4.4524e-05,3.7763e-05,5.168e-05,4.4546e-05,4.0849e-05
1,32768,4.4495e-05,3.7232e-05,5.148e-05,4.4642e-05,3.7232e-05
1,32768,4.3463e-05,3.5698e-05,5.2372e-05,4.366e-05,3.5698e-05
1,32768,4.4514e-05,3.8976e-05,5.2683e-05,4.4471e-05,3.9506e-05
1,32768,4.5301e-05,4.0329e-05,5.2743e-05,4.5238e-05,4.1089e-05
1,32768,4.4222e-05,3.9656e-05,5.0799e-05,4.4091e-05,3.9656e-05
1,32768,4.43e-05,4.0137e-05,5.0468e-05,4.394e-05,4.3133e-05
1,32768,4.4414e-05,4.1401e-05,5.0699e-05,4.4111e-05,4.4555e-05
1,32768,4.429e-05,3.9737e-05,5.0168e-05,4.4015e-05,4.0388e-05
1,32768,4.5141e-05,3.8415e-05,5.3244e-05,4.4992e-05,3.9005e-05
1,32768,4.4805e-05,4.0238e-05,5.1611e-05,4.4582e-05,4.2582e-05
1,32768,4.4529e-05,3.626e-05,5.138e-05,4.4677e-05,3.626e-05
1,32768,4.4147e-05,3.8124e-05,5.113e-05,4.4696e-05,4.2191e-05
1,32768,4.4645e-05,3.7633e-05,5.0949e-05,4.4301e-05,3.7633e-05
1,32768,4.4512e-05,3.9938e-05,5.0889e-05,4.5058e-05,4.0308e-05
1,32768,4.416e-05,3.9867e-05,5.0458e-05,4.4341e-05,4.4736e-05
1,32768,4.4197e-05,3.8835e-05,5.11e-05,4.4295e-05,3.8835e-05
1,32768,4.4095e-05,3.7011e-05,5.2071e-05,4.351e-05,4.3013e-05
1,32768,4.4922e-05,3.8344e-05,5.2182e-05,4.4396e-05,3.8344e-05
1,32768,4.5417e-05,3.7953e-05,5.2272e-05,4.5232e-05,4.5527e-05
1,32768,4.3961e-05,3.6341e-05,5.0668e-05,4.398e-05,4.0498e-05
1,32768,4.4732e-05,3.9486e-05,5.2171e-05,4.4366e-05,3.9486e-05
1,32768,4.4795e-05,4.09e-05,5.2672e-05,4.388e-05,4.2722e-05
1,32768,4.4339e-05,3.8164e-05,5.1109e-05,4.419e-05,3.8164e-05
1,32768,4.4372e-05,3.7993e-05,5.0248e-05,4.4336e-05,3.7993e-05
1,32768,4.4209e-05,3.9657e-05,5.0779e-05,4.4575e-05,4.4615e-05
1,32768,4.4286e-05,3.9056e-05,5.2592e-05,4.427e-05,3.9757e-05
1,32768,4.4414e-05,3.9737e-05,5.1751e-05,4.4226e-05,3.9737e-05
1,32768,4.4682e-05,3.7122e-05,5.1901e-05,4.4948e-05,3.7122e-05
1,32768,4.5317e-05,3.9456e-05,5.1911e-05,4.5433e-05,3.9456e-05
1,32768,4.4214e-05,3.9055e-05,4.9586e-05,4.4211e-05,4.2642e-05
1,32768,4.406e-05,3.5318e-05,5.1119e-05,4.4426e-05,3.8704e-05
1,32768,4.4083e-05,3.7462e-05,5.1801e-05,4.4441e-05,3.7462e-05
1,32768,4.4422e-05,3.9617e-05,5.0949e-05,4.4221e-05,4.0838e-05
1,32768,4.5617e-05,3.9777e-05,5.8494e-05,4.4796e-05,4.2592e-05
1,32768,4.3903e-05,3.6911e-05,5.0588e-05,4.4201e-05,3.6911e-05
1,32768,4.4344e-05,3.8305e-05,5.0338e-05,4.4631e-05,3.9225e-05
1,32768,4.408e-05,3.8705e-05,4.9917e-05,4.3835e-05,3.8705e-05
1,32768,4.4587e-05,3.9145e-05,5.0768e-05,4.4266e-05,4.2782e-05
1,32768,4.5507e-05,4.0358e-05,5.2412e-05,4.5217e-05,4.0358e-05
1,32768,4.4826e-05,4.0399e-05,5.159e-05,4.4391e-05,4.4125e-05
1,32768,4.4325e-05,3.9918e-05,5.0498e-05,4.3554e-05,4.1329e-05
1,32768,4.4328e-05,3.9436e-05,5.113e-05,4.3961e-05,4.0217e-05
1,32768,4.4373e-05,3.9807e-05,5.1019e-05,4.4667e-05,4.0337e-05
1,32768,4.7096e-05,3.634e-05,5.4075e-05,4.7778e-05,3.634e-05
1,32768,4.4396e-05,3.7472e-05,5.2473e-05,4.4686e-05,3.7472e-05
1,32768,4.4673e-05,3.8264e-05,5.2291e-05,4.4045e-05,3.8264e-05
1,32768,4.4462e-05,4.0409e-05,5.0688e-05,4.4321e-05,4.114e-05
1,32768,4.4144e-05,3.6039e-05,5.0449e-05,4.4511e-05,3.6039e-05
1,32768,4.5715e-05,3.8935e-05,5.2963e-05,4.5894e-05,3.8935e-05
1,32768,4.5099e-05,3.9796e-05,5.2392e-05,4.4983e-05,3.9796e-05
1,32768,4.4532e-05,3.8475e-05,5.3164e-05,4.4035e-05,4.0188e-05
1,32768,4.4178e-05,3.5599e-05,5.2101e-05,4.418e-05,3.5599e-05
1,32768,4.4309e-05,3.9005e-05,5.0639e-05,4.4641e-05,4.2522e-05
1,32768,4.6273e-05,3.9096e-05,5.3094e-05,4.5739e-05,4.2291e-05
1,32768,0.000317199,4.0769e-05,0.004398684,4.4997e-05,4.6128e-05
1,32768,4.433e-05,3.8395e-05,4.9877e-05,4.3955e-05,4.4876e-05
1,32768,4.4313e-05,3.8945e-05,5.1811e-05,4.4441e-05,3.8945e-05
1,32768,4.478e-05,3.9777e-05,5.2552e-05,4.4837e-05,3.9917e-05
1,32768,4.4275e-05,3.7983e-05,5.2381e-05,4.392e-05,3.9887e-05
1,32768,4.4281e-05,3.6871e-05,5.0117e-05,4.4246e-05,3.6871e-05
1,32768,4.4285e-05,3.8294e-05,5.0428e-05,4.4146e-05,4.3263e-05
1,32768,4.4208e-05,3.8255e-05,5.0999e-05,4.4721e-05,4.0568e-05
1,32768,4.4403e-05,3.6491e-05,5.1059e-05,4.4171e-05,3.6491e-05
1,32768,4.3408e-05,3.5559e-05,5.137e-05,4.3259e-05,3.7853e-05
1,32768,4.3732e-05,3.638e-05,4.9606e-05,4.4021e-05,3.638e-05
1,32768,4.3921e-05,3.7132e-05,5.0437e-05,4.4531e-05,3.7132e-05
1,32768,4.3782e-05,3.7593e-05,4.9967e-05,4.435e-05,3.7593e-05
1,32768,4.4588e-05,4.0689e-05,5.0258e-05,4.4767e-05,4.14e-05
1,32768,4.371e-05,3.7793e-05,5.1891e-05,4.405e-05,4.0397e-05
1,32768,4.4038e-05,3.6881e-05,5.1129e-05,4.4186e-05,4.0839e-05
1,32768,4.4387e-05,3.7162e-05,5.0859e-05,4.4652e-05,3.7162e-05
1,32768,4.4237e-05,3.5369e-05,5.0629e-05,4.4382e-05,3.8815e-05
1,32768,4.4112e-05,3.5799e-05,5.2072e-05,4.38e-05,3.9867e-05
1,32768,4.416e-05,3.7732e-05,5.0829e-05,4.4832e-05,3.7732e-05
1,32768,4.4104e-05,3.629e-05,5.2192e-05,4.374e-05,4.2312e-05
1,32768,4.4318e-05,4.0118e-05,5.163e-05,4.3785e-05,4.1029e-05
1,32768,4.4537e-05,3.8535e-05,5.136e-05,4.4731e-05,3.8624e-05
1,32768,4.4858e-05,4.0659e-05,5.2822e-05,4.4436e-05,4.0659e-05
1,32768,4.4561e-05,3.8704e-05,5.1089e-05,4.4516e-05,3.8704e-05
1,32768,4.503e-05,4.0178e-05,5.2011e-05,4.4867e-05,4.3934e-05
1,32768,4.3778e-05,3.628e-05,5.121e-05,4.4035e-05,3.8324e-05
1,32768,4.3968e-05,3.6471e-05,5.101e-05,4.4091e-05,3.9015e-05
1,32768,4.471e-05,3.7422e-05,5.0668e-05,4.4576e-05,3.7422e-05
1,32768,4.3442e-05,3.7041e-05,5.164e-05,4.3704e-05,3.7041e-05
1,32768,4.4991e-05,4.122e-05,5.2042e-05,4.5037e-05,4.162e-05
1,32768,4.4314e-05,3.61e-05,5.138e-05,4.4621e-05,3.9526e-05
1,32768,4.4097e-05,3.6991e-05,5.095e-05,4.4105e-05,3.6991e-05
1,32768,4.5126e-05,3.7883e-05,5.2442e-05,4.5483e-05,3.7883e-05
1,32768,4.4623e-05,3.8825e-05,5.1821e-05,4.5007e-05,3.8825e-05
1,32768,4.5662e-05,4.2222e-05,5.3835e-05,4.5433e-05,4.3173e-05
1,32768,4.4602e-05,3.8855e-05,5.151e-05,4.4617e-05,4.3794e-05
1,32768,4.4176e-05,3.7232e-05,5.2262e-05,4.392e-05,4.4105e-05
1,32768,4.3792e-05,3.6391e-05,5.134e-05,4.413e-05,3.8274e-05
1,32768,4.4478e-05,3.9236e-05,5.124e-05,4.5118e-05,3.9747e-05
1,32768,4.4185e-05,3.6591e-05,5.2773e-05,4.4316e-05,3.7452e-05
1,32768,4.3836e-05,3.7713e-05,5.119e-05,4.374e-05,3.7713e-05
1,32768,4.4095e-05,3.6761e-05,5.2001e-05,4.4626e-05,3.8174e-05
1,32768,4.4766e-05,3.8896e-05,5.2041e-05,4.4161e-05,4.0839e-05
1,32768,4.4557e-05,3.9687e-05,5.147e-05,4.4266e-05,3.9687e-05
1,32768,0.000287914,4.0068e-05,0.003930044,4.5142e-05,4.173e-05
1,32768,4.4464e-05,3.6842e-05,4.9226e-05,4.4786e-05,4.0498e-05
1,32768,4.4247e-05,3.9937e-05,5.1109e-05,4.4085e-05,3.9937e-05
1,32768,4.5341e-05,3.8605e-05,5.129e-05,4.5453e-05,4.0969e-05
1,32768,4.4509e-05,4.0108e-05,5.0999e-05,4.4441e-05,4.6109e-05
1,32768,4.4543e-05,3.5739e-05,5.2412e-05,4.5392e-05,3.9025e-05
1,32768,4.3904e-05,3.7953e-05,4.9687e-05,4.4501e-05,3.7953e-05
1,32768,4.4625e-05,3.6431e-05,5.2222e-05,4.4903e-05,3.6431e-05
1,32768,4.3931e-05,3.6169e-05,5.111e-05,4.4412e-05,3.6169e-05
1,32768,4.4294e-05,3.9897e-05,5.184e-05,4.362e-05,3.9897e-05
1,32768,4.3968e-05,3.7763e-05,5.0388e-05,4.4151e-05,3.7763e-05
1,32768,4.4312e-05,3.9065e-05,5.0168e-05,4.5092e-05,3.9065e-05
1,32768,4.394e-05,3.645e-05,5.1721e-05,4.4271e-05,3.645e-05
1,32768,4.3767e-05,3.631e-05,5.139e-05,4.4316e-05,4.0007e-05
1,32768,4.4281e-05,3.8925e-05,5.143e-05,4.4186e-05,3.9917e-05
1,32768,4.4187e-05,3.6882e-05,5.2052e-05,4.4747e-05,3.8284e-05
1,32768,4.454e-05,3.8746e-05,5.145e-05,4.4246e-05,4.0679e-05
1,32768,4.4484e-05,3.6501e-05,5.2342e-05,4.4602e-05,3.6501e-05
1,32768,4.3972e-05,3.8705e-05,4.9156e-05,4.398e-05,4.4265e-05
1,32768,4.4556e-05,3.8144e-05,5.102e-05,4.417e-05,4.3514e-05
1,32768,4.4499e-05,3.7322e-05,5.1249e-05,4.5032e-05,3.7322e-05
1,32768,4.4107e-05,3.8103e-05,5.154e-05,4.4436e-05,3.8103e-05
1,32768,4.4848e-05,3.626e-05,5.155e-05,4.5162e-05,3.626e-05
1,32768,4.4182e-05,4.0018e-05,5.0819e-05,4.3961e-05,4.0087e-05
1,32768,4.4755e-05,3.7413e-05,5.2362e-05,4.5253e-05,3.7413e-05
1,32768,4.3917e-05,3.8464e-05,5.3033e-05,4.3218e-05,3.9967e-05
1,32768,4.3745e-05,3.6871e-05,5.135e-05,4.4111e-05,3.6871e-05
1,32768,4.4313e-05,3.8263e-05,5.1681e-05,4.421e-05,3.8263e-05
1,32768,4.4282e-05,3.7773e-05,5.1119e-05,4.5072e-05,3.7773e-05
1,32768,4.4197e-05,3.8715e-05,5.1079e-05,4.4576e-05,4.0718e-05
1,32768,4.4446e-05,3.603e-05,5.2993e-05,4.4467e-05,3.603e-05
1,32768,4.3989e-05,4.0177e-05,5.0829e-05,4.3885e-05,4.0177e-05
1,32768,4.4343e-05,3.6601e-05,5.117e-05,4.387e-05,4.0648e-05
1,32768,4.4041e-05,3.8905e-05,5.0669e-05,4.4031e-05,4.1169e-05
1,32768,4.481e-05,3.7603e-05,5.2171e-05,4.4687e-05,3.7603e-05
1,32768,4.4587e-05,3.8875e-05,5.2943e-05,4.4231e-05,4.0728e-05
1,32768,4.3871e-05,3.6741e-05,5.0869e-05,4.3965e-05,4.16e-05
1,32768,4.4886e-05,3.7201e-05,5.2201e-05,4.4647e-05,3.7201e-05
1,32768,4.4312e-05,3.8084e-05,5.2893e-05,4.4456e-05,3.9576e-05
1,32768,4.4335e-05,4.0709e-05,5.1811e-05,4.4296e-05,4.117e-05
1,32768,4.4448e-05,3.8114e-05,5.3384e-05,4.3885e-05,4.171e-05
1,32768,4.4039e-05,3.7433e-05,5.1079e-05,4.401e-05,4.0869e-05
1,32768,4.4875e-05,3.8715e-05,5.1029e-05,4.5187e-05,4.5838e-05
1,32768,0.000291413,3.628e-05,0.004008629,4.364e-05,3.9907e-05
1,32768,4.3928e-05,3.6581e-05,4.8554e-05,4.4902e-05,3.9196e-05
1,32768,4.4428e-05,4.0228e-05,5.2032e-05,4.4361e-05,4.4216e-05
1,32768,4.3823e-05,3.7542e-05,5.143e-05,4.3965e-05,3.7542e-05
1,32768,4.4665e-05,3.623e-05,5.2242e-05,4.4987e-05,3.623e-05
1,32768,4.3892e-05,3.611e-05,5.129e-05,4.3459e-05,3.611e-05
1,32768,4.3478e-05,3.7382e-05,5.0227e-05,4.3304e-05,4.2041e-05
1,32768,4.4881e-05,3.9497e-05,5.155e-05,4.4907e-05,4.143e-05
1,32768,4.4388e-05,3.614e-05,5.2072e-05,4.4411e-05,3.614e-05
1,32768,4.5185e-05,3.7151e-05,5.2612e-05,4.5093e-05,3.7151e-05
1,32768,4.4561e-05,3.6411e-05,5.2141e-05,4.5267e-05,4.2271e-05
1,32768,4.41e-05,3.7091e-05,5.1601e-05,4.394e-05,3.7091e-05
1,32768,4.361e-05,3.6871e-05,5.0438e-05,4.3755e-05,3.6871e-05
1,32768,4.4791e-05,3.8584e-05,5.2402e-05,4.5012e-05,3.8584e-05
1,32768,4.5431e-05,3.7633e-05,5.4155e-05,4.5493e-05,3.7633e-05
1,32768,4.4369e-05,4.0278e-05,5.0819e-05,4.4011e-05,4.2963e-05
1,32768,4.3877e-05,3.8304e-05,5.0608e-05,4.37e-05,3.8354e-05
1,32768,4.4561e-05,3.9757e-05,5.0628e-05,4.4552e-05,3.9757e-05
1,32768,4.3995e-05,3.7302e-05,5.1631e-05,4.393e-05,4.0138e-05
1,32768,4.4925e-05,3.8645e-05,5.2522e-05,4.4306e-05,4.0047e-05
1,32768,4.3631e-05,3.7773e-05,5.0208e-05,4.4346e-05,3.9526e-05
1,32768,4.4182e-05,3.5308e-05,5.0098e-05,4.4186e-05,4.1069e-05
1,32768,4.4446e-05,4.0368e-05,5.0468e-05,4.4586e-05,4.3484e-05
1,32768,4.449e-05,3.7032e-05,5.1791e-05,4.5253e-05,4.0147e-05
1,32768,4.6116e-05,4.164e-05,5.2883e-05,4.5618e-05,4.7121e-05
1,32768,4.3835e-05,3.604e-05,5.1701e-05,4.4317e-05,3.604e-05
1,32768,4.4054e-05,3.588e-05,4.9957e-05,4.4752e-05,3.588e-05
1,32768,4.441e-05,3.7983e-05,5.1881e-05,4.4917e-05,3.7983e-05
1,32768,4.4506e-05,3.5438e-05,5.2312e-05,4.4701e-05,3.5438e-05
1,32768,4.5736e-05,3.9757e-05,5.3274e-05,4.6285e-05,4.186e-05
1,32768,4.4277e-05,3.6702e-05,5.2252e-05,4.4431e-05,4.0548e-05
1,32768,4.392e-05,3.7603e-05,5.1951e-05,4.3855e-05,3.9236e-05
1,32768,4.4863e-05,3.617e-05,5.2482e-05,4.4867e-05,4.145e-05
1,32768,4.4638e-05,4.0137e-05,5.2523e-05,4.4567e-05,4.0137e-05
1,32768,4.5942e-05,3.8554e-05,5.4075e-05,4.591e-05,4.0588e-05
1,32768,4.4124e-05,3.7432e-05,5.1169e-05,4.4455e-05,3.7432e-05
1,32768,4.4716e-05,3.6771e-05,5.2021e-05,4.4902e-05,3.6771e-05
1,32768,4.425e-05,3.6851e-05,5.2072e-05,4.4436e-05,3.6851e-05
1,32768,4.4376e-05,4.0238e-05,5.107e-05,4.4101e-05,4.2161e-05
1,32768,4.6407e-05,3.8925e-05,5.4436e-05,4.6139e-05,3.8925e-05
1,32768,4.3382e-05,3.7072e-05,4.9827e-05,4.396e-05,3.7903e-05
1,32768,4.4859e-05,3.8004e-05,5.0719e-05,4.4868e-05,4.644e-05
1,32768,4.4323e-05,3.9566e-05,5.14e-05,4.3695e-05,3.9566e-05
1,32768,4.3781e-05,3.4867e-05,5.0168e-05,4.4632e-05,3.6641e-05
1,32768,4.4252e-05,3.7994e-05,5.1871e-05,4.4191e-05,4.2602e-05
1,32768,4.386e-05,3.9376e-05,4.9636e-05,4.3755e-05,3.9376e-05
1,32768,4.4024e-05,3.9076e-05,5.0658e-05,4.419e-05,4.0047e-05
1,32768,4.3986e-05,3.8484e-05,5.0979e-05,4.4246e-05,3.8484e-05
1,32768,4.3348e-05,3.6701e-05,4.9987e-05,4.391e-05,3.9867e-05
1,32768,4.3919e-05,3.8475e-05,5.0929e-05,4.4402e-05,4.0338e-05
1,32768,4.4343e-05,3.9015e-05,5.113e-05,4.4011e-05,3.9015e-05
1,32768,4.4059e-05,3.8143e-05,5.0929e-05,4.3915e-05,3.8143e-05
1,32768,4.372e-05,3.6881e-05,5.155e-05,4.4161e-05,3.8414e-05
1,32768,4.3737e-05,3.59e-05,5.2081e-05,4.399e-05,3.6891e-05
1,32768,4.4148e-05,3.6611e-05,5.1179e-05,4.4511e-05,3.6891e-05
1,32768,4.428e-05,4.0659e-05,4.9877e-05,4.3594e-05,4.6941e-05
1,32768,4.4366e-05,3.8404e-05,5.1761e-05,4.4235e-05,3.8404e-05
1,32768,4.4537e-05,3.8514e-05,5.0518e-05,4.4626e-05,3.8514e-05
1,32768,4.4005e-05,3.7823e-05,5.0488e-05,4.3969e-05,3.7823e-05
1,32768,4.4201e-05,3.8244e-05,5.0989e-05,4.3805e-05,3.8244e-05
1,32768,4.4952e-05,3.7402e-05,5.2222e-05,4.386e-05,4.3233e-05
1,32768,4.4466e-05,3.7543e-05,5.2281e-05,4.4787e-05,3.8344e-05
1,32768,4.4182e-05,3.4417e-05,5.2062e-05,4.4021e-05,3.4417e-05
1,32768,4.4237e-05,3.9607e-05,5.149e-05,4.3414e-05,4.0347e-05
1,32768,4.408e-05,3.9597e-05,5.0749e-05,4.3549e-05,4.0818e-05
1,32768,4.4675e-05,4.0158e-05,5.1591e-05,4.4051e-05,4.2222e-05
1,32768,4.4418e-05,3.7883e-05,5.1711e-05,4.4196e-05,3.7883e-05
1,32768,4.3683e-05,3.8745e-05,5.0758e-05,4.4055e-05,3.9807e-05
1,32768,4.4619e-05,3.7803e-05,5.2192e-05,4.4567e-05,3.7803e-05
1,32768,4.3973e-05,3.7833e-05,5.1631e-05,4.3329e-05,4.2081e-05
1,32768,4.5357e-05,3.8665e-05,5.3384e-05,4.4943e-05,4.8964e-05
1,32768,4.4988e-05,3.7563e-05,5.2873e-05,4.5218e-05,3.7563e-05
1,32768,4.424e-05,3.9977e-05,5.0929e-05,4.4271e-05,4.152e-05
1,32768,4.4573e-05,3.9116e-05,5.1521e-05,4.4741e-05,4.633e-05
1,32768,4.3978e-05,3.6802e-05,5.0228e-05,4.4407e-05,4.2041e-05
1,32768,4.3745e-05,3.7843e-05,5.0518e-05,4.3689e-05,4.0679e-05
1,32768,4.3525e-05,3.7783e-05,5.0929e-05,4.3329e-05,3.7783e-05
1,32768,4.4254e-05,3.7703e-05,5.2151e-05,4.4191e-05,4.0739e-05
1,32768,4.4668e-05,3.9636e-05,5.2122e-05,4.4476e-05,3.9636e-05
1,32768,4.4712e-05,3.8885e-05,5.0859e-05,4.5148e-05,3.8885e-05
1,32768,4.3942e-05,3.7382e-05,5.143e-05,4.3765e-05,4.2102e-05
1,32768,4.4394e-05,3.659e-05,5.1901e-05,4.4316e-05,3.659e-05
1,32768,4.4171e-05,3.8394e-05,5.1961e-05,4.4211e-05,3.8394e-05
1,32768,4.3577e-05,3.6421e-05,5.2442e-05,4.3765e-05,3.658e-05
1,32768,4.432e-05,3.605e-05,5.1871e-05,4.4477e-05,3.9396e-05
1,32768,4.429e-05,3.6961e-05,5.1751e-05,4.4071e-05,3.6961e-05
1,32768,4.4563e-05,3.8815e-05,5.2603e-05,4.4361e-05,3.8815e-05
1,32768,4.4151e-05,3.5338e-05,4.9857e-05,4.399e-05,3.5338e-05
1,32768,4.3463e-05,3.605e-05,4.9647e-05,4.4101e-05,3.6981e-05
1,32768,4.387e-05,3.7713e-05,5.128e-05,4.4682e-05,3.9486e-05
1,32768,4.3962e-05,3.5248e-05,5.1771e-05,4.408e-05,4.0859e-05
1,32768,4.4557e-05,3.6821e-05,5.1149e-05,4.4682e-05,4.3404e-05
1,32768,4.4073e-05,3.6891e-05,5.1029e-05,4.3744e-05,4.3934e-05
1,32768,4.467e-05,3.6811e-05,5.149e-05,4.4867e-05,3.6811e-05
1,32768,4.4325e-05,3.9266e-05,5.2543e-05,4.4026e-05,4.139e-05
1,32768,4.3864e-05,3.8164e-05,5.134e-05,4.412e-05,3.8164e-05
1,32768,4.4681e-05,3.6059e-05,5.16e-05,4.4952e-05,3.6059e-05
1,32768,4.4548e-05,3.7523e-05,5.0879e-05,4.5208e-05,4.139e-05
1,32768,4.4318e-05,3.7552e-05,5.0969e-05,4.4226e-05,3.7552e-05
1,32768,4.428e-05,3.7533e-05,5.2352e-05,4.384e-05,4.0247e-05
1,32768,4.4437e-05,3.9868e-05,5.1981e-05,4.4415e-05,4.0357e-05
1,32768,4.4279e-05,3.7673e-05,5.1861e-05,4.4341e-05,3.8564e-05
1,32768,4.3968e-05,3.7221e-05,5.0939e-05,4.4221e-05,3.7221e-05
1,32768,4.4048e-05,3.9857e-05,5.0157e-05,4.4065e-05,4.0298e-05
1,32768,4.4228e-05,4.0769e-05,5.0158e-05,4.3915e-05,4.3935e-05
1,32768,4.3794e-05,3.7533e-05,5.117e-05,4.3825e-05,3.9476e-05
1,32768,4.453e-05,3.672e-05,5.2372e-05,4.4526e-05,3.672e-05
1,32768,4.361e-05,3.7032e-05,5.0217e-05,4.4346e-05,3.9536e-05
1,32768,4.5009e-05,3.9787e-05,5.1681e-05,4.4932e-05,4.698e-05
1,32768,4.3581e-05,3.8225e-05,5.1961e-05,4.392e-05,4.5487e-05
1,32768,4.3233e-05,3.7482e-05,5.2241e-05,4.3109e-05,3.8544e-05
1,32768,4.419e-05,4.0028e-05,5.0799e-05,4.3734e-05,4.3664e-05
1,32768,4.4177e-05,3.649e-05,5.2222e-05,4.4846e-05,3.6901e-05
1,32768,4.4292e-05,3.8804e-05,5.1841e-05,4.406e-05,3.8804e-05
1,32768,4.4232e-05,3.5959e-05,5.1571e-05,4.4156e-05,4.2341e-05
1,32768,4.3259e-05,3.5469e-05,5.0869e-05,4.4021e-05,3.5469e-05
1,32768,4.4191e-05,3.7062e-05,5.0157e-05,4.4065e-05,4.1259e-05
1,32768,4.4503e-05,3.8324e-05,5.0709e-05,4.4787e-05,4.5367e-05
1,32768,4.3944e-05,3.7332e-05,5.0879e-05,4.4065e-05,3.7332e-05
1,32768,4.349e-05,3.5279e-05,5.0589e-05,4.4251e-05,3.9847e-05
1,32768,4.4353e-05,3.8344e-05,5.122e-05,4.4346e-05,4.1079e-05
1,32768,4.3899e-05,3.5979e-05,5.2392e-05,4.4491e-05,3.7863e-05
1,32768,4.4498e-05,3.8134e-05,5.1309e-05,4.4085e-05,4.0298e-05
1,32768,4.4304e-05,3.8004e-05,5.135e-05,4.4457e-05,3.8004e-05
1,32768,4.3534e-05,3.8284e-05,5.1721e-05,4.3108e-05,4.1009e-05
1,32768,4.3748e-05,3.612e-05,4.9908e-05,4.394e-05,4.4666e-05
1,32768,4.4042e-05,3.7673e-05,5.0278e-05,4.3946e-05,4.5818e-05
1,32768,4.4632e-05,3.8845e-05,5.0538e-05,4.4496e-05,3.8845e-05
1,32768,4.4524e-05,3.9817e-05,5.1109e-05,4.4315e-05,4.0618e-05
1,32768,4.3849e-05,3.6311e-05,5.114e-05,4.4341e-05,3.6971e-05
1,32768,4.4229e-05,3.7873e-05,5.14e-05,4.4576e-05,4.5177e-05
1,32768,4.4024e-05,3.6852e-05,5.164e-05,4.4491e-05,3.7011e-05
1,32768,4.4539e-05,3.6911e-05,5.0879e-05,4.4902e-05,3.6911e-05
1,32768,4.3941e-05,3.8374e-05,4.9456e-05,4.4085e-05,3.8374e-05
1,32768,4.3748e-05,3.7332e-05,5.113e-05,4.4346e-05,3.8114e-05
1,32768,4.4228e-05,4.0328e-05,5.1741e-05,4.3955e-05,4.124e-05
1,32768,4.4635e-05,4.0167e-05,5.0879e-05,4.4532e-05,4.0167e-05
1,32768,4.4757e-05,3.677e-05,5.132e-05,4.5298e-05,3.677e-05
1,32768,4.4881e-05,3.7092e-05,5.1841e-05,4.4677e-05,3.7092e-05
1,32768,4.3384e-05,3.6039e-05,5.1129e-05,4.3936e-05,3.6039e-05
1,32768,4.414e-05,3.7031e-05,5.1711e-05,4.4296e-05,3.7031e-05
1,32768,4.4777e-05,4.0829e-05,5.2212e-05,4.4307e-05,4.3273e-05
1,32768,4.4497e-05,3.9015e-05,5.0809e-05,4.4416e-05,4.1741e-05
1,32768,4.3735e-05,3.5679e-05,4.9857e-05,4.398e-05,3.7151e-05
1,32768,4.4202e-05,3.7593e-05,5.152e-05,4.4206e-05,4.5537e-05
1,32768,4.4013e-05,3.8504e-05,5.101e-05,4.4216e-05,3.8504e-05
1,32768,4.3861e-05,3.5247e-05,4.9987e-05,4.4362e-05,3.5247e-05
1,32768,4.469e-05,3.8043e-05,5.0879e-05,4.5278e-05,3.8214e-05
1,32768,4.4626e-05,4.0018e-05,5.1671e-05,4.4441e-05,4.5377e-05
1,32768,4.4391e-05,4.0278e-05,5.0969e-05,4.385e-05,4.2341e-05
1,32768,4.4396e-05,3.7662e-05,5.2562e-05,4.4587e-05,3.7662e-05
1,32768,4.3494e-05,3.6481e-05,5.0809e-05,4.3829e-05,3.8254e-05
1,32768,4.4838e-05,3.9396e-05,5.2432e-05,4.4937e-05,4.1751e-05
1,32768,4.3176e-05,3.604e-05,5.0779e-05,4.363e-05,3.7242e-05
1,32768,4.4237e-05,3.9497e-05,5.2893e-05,4.3575e-05,3.9536e-05
1,32768,4.434e-05,3.7753e-05,5.2382e-05,4.4311e-05,4.0788e-05
1,32768,4.3824e-05,3.7051e-05,5.1681e-05,4.3335e-05,3.7051e-05
1,32768,4.5436e-05,3.8354e-05,5.2452e-05,4.5569e-05,3.8354e-05
1,32768,4.4625e-05,3.5849e-05,5.2011e-05,4.5108e-05,3.5849e-05
1,32768,4.4135e-05,3.4977e-05,5.134e-05,4.4261e-05,3.4977e-05
1,32768,4.4318e-05,3.8073e-05,5.0759e-05,4.4737e-05,3.8073e-05
1,32768,4.3246e-05,3.5148e-05,4.9717e-05,4.377e-05,3.7241e-05
1,32768,4.5729e-05,3.9166e-05,5.2733e-05,4.5854e-05,4.13e-05
1,32768,4.4433e-05,3.7351e-05,5.1921e-05,4.4151e-05,3.7351e-05
1,32768,4.4722e-05,4.0078e-05,5.144e-05,4.4622e-05,4.2782e-05
1,32768,4.4987e-05,4.0148e-05,5.2282e-05,4.5007e-05,4.3233e-05
1,32768,4.3638e-05,3.7764e-05,5.0809e-05,4.3454e-05,4.1591e-05
1,32768,4.686e-05,3.7212e-05,5.4055e-05,4.7052e-05,3.7212e-05
1,32768,4.44e-05,3.9686e-05,5.0548e-05,4.4171e-05,3.9686e-05
1,32768,4.4968e-05,3.4887e-05,5.2041e-05,4.4637e-05,3.4887e-05
1,32768,4.369e-05,3.8144e-05,4.9496e-05,4.3544e-05,4.3343e-05
1,32768,4.4165e-05,3.9156e-05,5.0789e-05,4.4401e-05,4.1369e-05
1,32768,4.3512e-05,3.6e-05,5.0638e-05,4.3575e-05,3.8875e-05
1,32768,4.4395e-05,3.642e-05,5.0809e-05,4.4566e-05,3.642e-05
1,32768,4.3837e-05,3.674e-05,5.141e-05,4.4241e-05,3.674e-05
1,32768,4.4316e-05,3.6731e-05,5.1731e-05,4.4677e-05,3.6731e-05
1,32768,4.4257e-05,3.8324e-05,5.2483e-05,4.4446e-05,3.8925e-05
1,32768,4.4272e-05,3.9126e-05,5.152e-05,4.3815e-05,3.9126e-05
1,32768,4.3381e-05,3.8013e-05,4.9415e-05,4.3724e-05,3.9777e-05
1,32768,4.3608e-05,3.6891e-05,5.131e-05,4.4422e-05,3.6891e-05
1,32768,4.4069e-05,3.7332e-05,5.119e-05,4.4757e-05,3.7332e-05
1,32768,4.384e-05,3.8054e-05,5.0227e-05,4.4236e-05,3.9967e-05
1,32768,4.4241e-05,3.9906e-05,5.1511e-05,4.4111e-05,3.9906e-05
1,32768,4.4192e-05,3.9056e-05,5.0348e-05,4.3901e-05,4.4215e-05
1,32768,4.4491e-05,3.7413e-05,5.141e-05,4.4511e-05,4.2822e-05
1,32768,4.4219e-05,3.7773e-05,5.1019e-05,4.4441e-05,4.3103e-05
1,32768,4.3969e-05,3.5809e-05,5.115e-05,4.395e-05,4.4887e-05
1,32768,4.3392e-05,3.5519e-05,5.0258e-05,4.3249e-05,4.151e-05
1,32768,4.3854e-05,3.7021e-05,5.0077e-05,4.3409e-05,4.2361e-05
1,32768,4.4137e-05,3.5869e-05,5.0127e-05,4.4246e-05,3.5869e-05
1,32768,4.4206e-05,3.7322e-05,5.1169e-05,4.4301e-05,3.7322e-05
1,32768,4.4674e-05,3.6711e-05,5.1691e-05,4.4592e-05,3.6711e-05
1,32768,4.4032e-05,3.5579e-05,5.0378e-05,4.4707e-05,3.9876e-05
1,32768,4.4826e-05,3.8856e-05,5.136e-05,4.4731e-05,4.4796e-05
1,32768,4.4367e-05,3.6861e-05,5.1911e-05,4.4121e-05,3.6861e-05
1,32768,4.3929e-05,3.7112e-05,5.118e-05,4.4206e-05,3.9597e-05
1,32768,0.00028261,3.7101e-05,0.003865023,4.4266e-05,3.7101e-05
1,32768,4.4008e-05,3.8725e-05,4.8935e-05,4.4511e-05,4.3374e-05
1,32768,4.4479e-05,3.9758e-05,5.135e-05,4.4872e-05,4.5618e-05
1,32768,4.4989e-05,4.0329e-05,5.2252e-05,4.5243e-05,4.0588e-05
1,32768,4.3658e-05,3.7592e-05,5.0568e-05,4.3815e-05,3.7592e-05
1,32768,4.4581e-05,3.8094e-05,5.2662e-05,4.4677e-05,3.8144e-05
1,32768,4.4218e-05,3.6e-05,5.1981e-05,4.4837e-05,3.8545e-05
1,32768,4.4559e-05,3.8915e-05,5.1781e-05,4.4767e-05,3.9076e-05
1,32768,4.4544e-05,3.7142e-05,5.0598e-05,4.4968e-05,3.7142e-05
1,32768,4.4138e-05,3.7783e-05,4.9957e-05,4.4065e-05,4.3504e-05
1,32768,4.4016e-05,3.8324e-05,4.9567e-05,4.3909e-05,4.5578e-05
1,32768,4.4252e-05,3.5739e-05,5.0078e-05,4.4396e-05,4.5848e-05
1,32768,4.4026e-05,3.7853e-05,5.0839e-05,4.4176e-05,3.8645e-05
1,32768,4.4198e-05,4.0097e-05,5.0147e-05,4.379e-05,4.0097e-05
1,32768,4.4465e-05,3.6591e-05,5.0539e-05,4.4707e-05,4.6409e-05
1,32768,4.3171e-05,3.5359e-05,5.0528e-05,4.3349e-05,3.9466e-05
1,32768,4.397e-05,3.7002e-05,5.135e-05,4.4392e-05,4.0769e-05
1,32768,4.4358e-05,3.9797e-05,5.0839e-05,4.413e-05,3.9977e-05
1,32768,4.4099e-05,3.6961e-05,5.149e-05,4.4411e-05,3.6961e-05
1,32768,4.3579e-05,3.5108e-05,5.0679e-05,4.3559e-05,3.9546e-05
1,32768,4.4852e-05,3.6179e-05,5.159e-05,4.4742e-05,3.6179e-05
1,32768,4.4083e-05,3.6691e-05,5.1801e-05,4.4216e-05,3.9676e-05
1,32768,4.4445e-05,3.5419e-05,5.172e-05,4.5222e-05,3.5419e-05
1,32768,4.3821e-05,3.629e-05,5.0318e-05,4.4191e-05,4.0919e-05
1,32768,4.3832e-05,3.6651e-05,5.1791e-05,4.3629e-05,3.6651e-05
1,32768,4.4073e-05,3.8184e-05,5.0969e-05,4.4351e-05,3.8184e-05
1,32768,4.3653e-05,3.7734e-05,5.177e-05,4.3741e-05,3.7963e-05
1,32768,4.3933e-05,3.6611e-05,5.2282e-05,4.4146e-05,3.7212e-05
1,32768,4.4255e-05,3.9887e-05,5.0578e-05,4.3674e-05,3.9887e-05
1,32768,4.395e-05,3.9556e-05,4.9987e-05,4.379e-05,4.0838e-05
1,32768,4.3886e-05,3.7072e-05,5.1891e-05,4.4401e-05,3.7573e-05
1,32768,4.4481e-05,3.9837e-05,5.1911e-05,4.4171e-05,4.4125e-05
1,32768,4.3968e-05,3.9166e-05,5.0348e-05,4.4281e-05,4.0198e-05
1,32768,4.4348e-05,4.0148e-05,5.12e-05,4.4501e-05,4.138e-05
1,32768,4.3951e-05,3.7413e-05,5.1711e-05,4.4797e-05,3.7573e-05
1,32768,4.3995e-05,3.628e-05,5.138e-05,4.4351e-05,3.628e-05
1,32768,4.4967e-05,3.8324e-05,5.2011e-05,4.4827e-05,3.8324e-05
1,32768,4.4022e-05,3.7593e-05,5.0458e-05,4.4537e-05,3.7593e-05
1,32768,4.4744e-05,3.5259e-05,5.172e-05,4.4816e-05,4.0578e-05
1,32768,4.4782e-05,3.643e-05,5.2021e-05,4.4847e-05,3.643e-05
1,32768,4.5798e-05,4.0438e-05,5.2432e-05,4.5909e-05,4.6329e-05
1,32768,4.5007e-05,3.61e-05,5.2672e-05,4.5337e-05,3.61e-05
1,32768,4.3997e-05,3.5669e-05,5.159e-05,4.4682e-05,3.5669e-05
1,32768,4.386e-05,3.7603e-05,5.0148e-05,4.413e-05,4.4897e-05
1,32768,4.4415e-05,3.8484e-05,5.0969e-05,4.4802e-05,3.8484e-05
1,32768,4.3879e-05,3.6461e-05,5.137e-05,4.4336e-05,4.177e-05
1,32768,4.4115e-05,3.635e-05,5.126e-05,4.4837e-05,3.7602e-05
1,32768,4.3508e-05,3.7412e-05,5.1501e-05,4.3585e-05,4.1941e-05
1,32768,4.3919e-05,4.0359e-05,5.0037e-05,4.38e-05,4.19e-05
1,32768,4.4501e-05,3.9045e-05,5.0569e-05,4.405e-05,3.9045e-05
1,32768,4.4271e-05,3.8574e-05,5.146e-05,4.4541e-05,3.8574e-05
1,32768,4.4055e-05,3.8404e-05,5.0268e-05,4.405e-05,3.9656e-05
1,32768,4.4397e-05,4.0299e-05,5.1431e-05,4.4265e-05,4.4225e-05
1,32768,4.3769e-05,3.7001e-05,4.9917e-05,4.365e-05,3.7001e-05
1,32768,4.424e-05,3.7583e-05,5.12e-05,4.4482e-05,3.7642e-05
1,32768,4.3915e-05,3.7462e-05,5.1391e-05,4.3995e-05,4.164e-05
1,32768,4.4045e-05,4.0268e-05,5.104e-05,4.4111e-05,4.0538e-05
1,32768,4.4385e-05,3.8725e-05,5.185e-05,4.4321e-05,4.5507e-05
1,32768,4.3215e-05,3.632e-05,5.0408e-05,4.3629e-05,4.1199e-05
1,32768,4.4214e-05,3.8685e-05,5.0288e-05,4.4687e-05,3.9365e-05
1,32768,4.4342e-05,3.7643e-05,5.1079e-05,4.4196e-05,4.1159e-05
1,32768,4.4147e-05,3.6331e-05,5.1099e-05,4.4366e-05,4.17e-05
1,32768,4.4785e-05,4.1791e-05,5.11e-05,4.4716e-05,4.4816e-05
1,32768,4.3698e-05,3.5037e-05,4.9777e-05,4.4195e-05,3.5037e-05
1,32768,4.4357e-05,3.9907e-05,5.139e-05,4.4677e-05,4.0408e-05
1,32768,4.4211e-05,3.7863e-05,5.1329e-05,4.4221e-05,3.7863e-05
1,32768,4.4676e-05,3.9456e-05,5.2341e-05,4.4421e-05,3.9456e-05
1,32768,4.5174e-05,4.0799e-05,5.0869e-05,4.4967e-05,4.4646e-05
1,32768,4.5258e-05,4.13e-05,5.134e-05,4.5003e-05,4.4225e-05
1,32768,4.5411e-05,3.8965e-05,5.2282e-05,4.6005e-05,3.8965e-05
1,32768,4.439e-05,3.9336e-05,5.0959e-05,4.4321e-05,4.6349e-05
1,32768,4.4211e-05,3.9035e-05,5.0027e-05,4.3951e-05,3.9035e-05
1,32768,4.4009e-05,3.7122e-05,5.0849e-05,4.3911e-05,4.1851e-05
1,32768,4.4008e-05,3.658e-05,5.156e-05,4.3475e-05,3.658e-05
1,32768,4.521e-05,4.1029e-05,5.176e-05,4.5368e-05,4.1029e-05
1,32768,4.3912e-05,3.5719e-05,5.2362e-05,4.375e-05,3.5719e-05
1,32768,4.4519e-05,3.637e-05,5.1961e-05,4.4992e-05,3.637e-05
1,32768,4.4752e-05,3.65e-05,5.2312e-05,4.4646e-05,3.65e-05
1,32768,4.3897e-05,3.7072e-05,4.9947e-05,4.397e-05,3.7172e-05
1,32768,4.4939e-05,3.8805e-05,5.2422e-05,4.5182e-05,3.8805e-05
1,32768,4.3797e-05,3.5799e-05,5.2362e-05,4.3795e-05,3.5799e-05
1,32768,4.4674e-05,3.9296e-05,5.2552e-05,4.4897e-05,3.9296e-05
1,32768,4.4328e-05,3.8214e-05,5.1941e-05,4.4376e-05,3.8214e-05
1,32768,4.4371e-05,3.8083e-05,5.1179e-05,4.4311e-05,3.8083e-05
1,32768,4.5025e-05,3.9537e-05,5.1661e-05,4.5133e-05,3.9537e-05
1,32768,4.4868e-05,4.0278e-05,5.0859e-05,4.4863e-05,4.5968e-05
1,32768,4.437e-05,3.9817e-05,5.2282e-05,4.4366e-05,4.1811e-05
1,32768,4.4452e-05,3.7242e-05,5.0919e-05,4.4857e-05,4.1189e-05
1,32768,4.4095e-05,3.9306e-05,5.0889e-05,4.4491e-05,4.2031e-05
1,32768,4.5442e-05,3.8574e-05,5.4346e-05,4.5699e-05,3.8574e-05
1,32768,4.4219e-05,3.6911e-05,5.1721e-05,4.4481e-05,3.7472e-05
1,32768,4.3965e-05,3.9807e-05,5.0669e-05,4.407e-05,3.9807e-05
1,32768,4.4354e-05,3.7702e-05,5.0648e-05,4.4461e-05,3.7702e-05
1,32768,4.4606e-05,3.5428e-05,5.128e-05,4.4701e-05,3.5428e-05
1,32768,4.5447e-05,3.9937e-05,5.1227e-05,4.5498e-05,4.4947e-05
1,32768,4.3459e-05,3.633e-05,4.9606e-05,4.3665e-05,4.4596e-05
1,32768,4.3231e-05,3.6481e-05,5.0348e-05,4.3269e-05,4.4947e-05
1,32768,4.414e-05,3.9968e-05,5.0709e-05,4.3876e-05,4.2422e-05
1,32768,4.4289e-05,3.597e-05,5.2292e-05,4.4807e-05,3.597e-05
1,32768,4.5952e-05,3.7011e-05,5.3564e-05,4.6075e-05,3.7011e-05
1,32768,4.4012e-05,3.615e-05,5.2502e-05,4.4205e-05,3.615e-05
1,32768,4.4166e-05,3.5399e-05,5.1571e-05,4.4602e-05,3.7713e-05
1,32768,4.4183e-05,3.9607e-05,5.0879e-05,4.429e-05,3.9807e-05
1,32768,4.3965e-05,3.6982e-05,5.1611e-05,4.4366e-05,4.3674e-05
1,32768,4.38e-05,3.6702e-05,5.0227e-05,4.4421e-05,3.7913e-05
1,32768,4.4117e-05,3.8544e-05,5.0508e-05,4.429e-05,3.8544e-05
1,32768,4.4547e-05,3.9887e-05,5.1861e-05,4.4527e-05,3.9887e-05
1,32768,4.4278e-05,3.9126e-05,5.133e-05,4.4632e-05,4.2642e-05
1,32768,4.3538e-05,3.7112e-05,5.0688e-05,4.3985e-05,3.9786e-05
1,32768,4.4621e-05,3.9807e-05,5.0318e-05,4.4626e-05,4.2853e-05
1,32768,4.4354e-05,3.7854e-05,5.0187e-05,4.4436e-05,4.0297e-05
1,32768,4.4125e-05,3.7633e-05,4.9627e-05,4.406e-05,4.3804e-05
1,32768,4.3754e-05,3.686e-05,5.0899e-05,4.3971e-05,3.686e-05
1,32768,4.3836e-05,3.8524e-05,5.1831e-05,4.4632e-05,3.8524e-05
1,32768,4.3931e-05,4.0098e-05,5.0829e-05,4.3865e-05,4.2e-05
1,32768,4.4445e-05,3.8084e-05,5.0538e-05,4.4242e-05,4.8393e-05
1,32768,4.4006e-05,3.6951e-05,5.12e-05,4.4551e-05,3.6951e-05
1,32768,4.3938e-05,3.647e-05,5.168e-05,4.3835e-05,3.647e-05
1,32768,4.4091e-05,3.9395e-05,5.138e-05,4.418e-05,3.9395e-05
1,32768,4.5542e-05,4.127e-05,5.2493e-05,4.5859e-05,4.8634e-05
1,32768,4.5345e-05,3.8485e-05,5.1901e-05,4.5874e-05,4.3463e-05
1,32768,4.3832e-05,3.6451e-05,5.1309e-05,4.35e-05,4.2843e-05
1,32768,4.481e-05,3.9746e-05,5.154e-05,4.4631e-05,3.9746e-05
1,32768,4.3862e-05,3.7122e-05,5.1681e-05,4.3759e-05,3.7893e-05
1,32768,4.481e-05,3.9055e-05,5.169e-05,4.4592e-05,3.9055e-05
1,32768,4.4374e-05,3.8765e-05,5.3154e-05,4.4225e-05,5.0307e-05
1,32768,4.3872e-05,3.6491e-05,5.1811e-05,4.4231e-05,3.6491e-05
1,32768,4.4662e-05,3.5268e-05,5.139e-05,4.4702e-05,3.5268e-05
1,32768,4.4989e-05,3.9797e-05,5.124e-05,4.4717e-05,4.662e-05
1,32768,4.4003e-05,3.7724e-05,5.103e-05,4.3905e-05,3.9856e-05
1,32768,4.4631e-05,4.133e-05,5.3274e-05,4.391e-05,4.5467e-05
1,32768,4.4174e-05,3.7502e-05,5.0158e-05,4.4651e-05,3.7502e-05
1,32768,4.4781e-05,3.8565e-05,5.141e-05,4.5087e-05,4.6099e-05
1,32768,4.4125e-05,3.7623e-05,5.131e-05,4.4341e-05,3.8845e-05
1,32768,4.344e-05,3.7072e-05,5.0097e-05,4.4301e-05,3.9737e-05
1,32768,4.438e-05,3.9256e-05,4.9497e-05,4.4226e-05,4.2772e-05
1,32768,4.4026e-05,3.662e-05,5.0488e-05,4.4286e-05,3.662e-05
1,32768,4.5198e-05,3.7082e-05,5.3725e-05,4.5253e-05,3.7082e-05
1,32768,4.3996e-05,3.7212e-05,5.134e-05,4.4556e-05,3.7212e-05
1,32768,4.4129e-05,3.7593e-05,5.1651e-05,4.4236e-05,3.9867e-05
1,32768,4.4568e-05,3.661e-05,5.2793e-05,4.4722e-05,3.661e-05
1,32768,4.4317e-05,3.6239e-05,5.2092e-05,4.427e-05,3.6239e-05
1,32768,4.4126e-05,3.7493e-05,5.137e-05,4.4957e-05,3.9306e-05
1,32768,4.4799e-05,3.9075e-05,5.1611e-05,4.5032e-05,3.9075e-05
1,32768,4.4725e-05,4.0058e-05,5.0979e-05,4.4387e-05,4.2292e-05
1,32768,4.4869e-05,3.8044e-05,5.105e-05,4.5492e-05,4.0628e-05
1,32768,4.5014e-05,3.9276e-05,5.1049e-05,4.5548e-05,3.9306e-05
1,32768,4.4533e-05,3.7914e-05,5.131e-05,4.5047e-05,3.9466e-05
1,32768,4.4416e-05,3.647e-05,5.096e-05,4.4822e-05,3.647e-05
1,32768,4.4267e-05,3.7182e-05,5.0629e-05,4.4692e-05,3.7182e-05
1,32768,4.4417e-05,3.649e-05,5.171e-05,4.4276e-05,3.9727e-05
