All-to-all with 32 processes, msg-size: 1048576, test iterations: 100.
Average,Minimum,Maximum,Median,MainRank
0.019021647,0.016137425,0.019274258,0.019203273,0.019244141
0.019038530,0.016737162,0.019283719,0.019246860,0.019278965
0.019041731,0.017650429,0.019225778,0.019178926,0.018319120
0.017157052,0.016852367,0.017225322,0.017197562,0.017184394
0.019187136,0.018556990,0.020188199,0.019232949,0.019254199
0.018956509,0.016244071,0.019166277,0.019145683,0.019155438
0.019078880,0.017919134,0.019267186,0.019212416,0.017919134
0.018864046,0.014817017,0.019126158,0.019107910,0.019099787
0.017235636,0.016598085,0.017278022,0.017261836,0.017274340
0.019059184,0.016432523,0.019264441,0.019223740,0.019261479
0.019011867,0.018498548,0.019146233,0.019107389,0.019106708
0.019109610,0.014928595,0.019338851,0.019307277,0.014928595
0.017270579,0.016707367,0.017333348,0.017323009,0.017315987
0.018979015,0.014913654,0.019215316,0.019204571,0.019209031
0.019024684,0.017191885,0.019212299,0.019190306,0.018992439
0.019054243,0.017064159,0.019258030,0.019213128,0.019215048
0.019033785,0.015269052,0.019242247,0.019210819,0.019239261
0.017185228,0.016707711,0.017251039,0.017243826,0.017244383
0.019043375,0.017155315,0.019233949,0.019173118,0.019231962
0.017149086,0.016927901,0.017202496,0.017185742,0.017179039
0.018864182,0.014964431,0.019101207,0.019082239,0.019095683
0.018868899,0.014918058,0.019167416,0.019114254,0.019163893
0.019095659,0.016244524,0.019295736,0.019260317,0.019288089
0.019002442,0.014960686,0.019270934,0.019232395,0.014960686
0.018974281,0.015613353,0.019245407,0.019215043,0.019240020
0.019047714,0.016784328,0.019241912,0.019174837,0.019230216
0.018944527,0.017299304,0.019166477,0.019137782,0.019142687
0.019004422,0.014794338,0.019294691,0.019234059,0.014794338
0.018988742,0.015719528,0.019203095,0.019165726,0.019186025
0.019019707,0.014868958,0.019250103,0.019164488,0.019101849
0.018977343,0.014961067,0.019226773,0.019210564,0.019205699
0.019044235,0.017564396,0.019241418,0.019197852,0.017668533
0.017040212,0.016888200,0.017091103,0.017057775,0.016939920
0.019048054,0.015178851,0.019239923,0.019223141,0.019197601
0.017149036,0.016743717,0.017286196,0.017249121,0.016743717
0.017129716,0.016857059,0.017173926,0.017148026,0.017138339
0.019016981,0.014938057,0.019273740,0.019237379,0.017594040
0.018989981,0.016620610,0.019134573,0.019114749,0.019110448
0.018992386,0.014883729,0.019626446,0.019159047,0.019158624
0.017949488,0.015883911,0.018199134,0.018162664,0.015892730
0.019146715,0.018357075,0.019237990,0.019207191,0.019233084
0.017953738,0.015823720,0.018204266,0.018171086,0.015861278
0.019012434,0.018346323,0.019089128,0.019057937,0.019080096
0.018996224,0.014804951,0.019278663,0.019256901,0.019140727
0.019214254,0.018716820,0.019304199,0.019261138,0.018716820
0.019157948,0.018834206,0.019207111,0.019195249,0.019206132
0.017970351,0.016058093,0.018174575,0.018088689,0.016058093
0.018997442,0.015840521,0.019224819,0.019208798,0.019220083
0.017908449,0.015800294,0.018166011,0.018114900,0.018161699
0.019041026,0.014887162,0.019281419,0.019259601,0.014887162
0.019004450,0.016740232,0.019260114,0.019222531,0.019258621
0.019129035,0.018298485,0.019253920,0.019240707,0.019240210
0.019065841,0.016760936,0.019299043,0.019238448,0.016760936
0.017012466,0.016847626,0.017067244,0.017044165,0.016905921
0.019078798,0.018365190,0.019224127,0.019203061,0.019211178
0.019105718,0.018740949,0.019202839,0.019172506,0.019196415
0.017993247,0.016820347,0.018191115,0.018129107,0.017628322
0.019057964,0.016666567,0.019238141,0.019218640,0.016666567
0.018016603,0.016125275,0.018242966,0.018183197,0.016125275
0.019069011,0.016239709,0.019244231,0.019220333,0.019205023
0.017040924,0.016900502,0.017095486,0.017080488,0.016909625
0.019052221,0.016405950,0.019258424,0.019223043,0.019250006
0.019016032,0.015361012,0.019300478,0.019223501,0.015361012
0.018962424,0.015299296,0.019244977,0.019228758,0.019238161
0.019043599,0.018226105,0.019189371,0.019163104,0.019169250
0.017985756,0.015847918,0.018173071,0.018154882,0.015847918
0.018029455,0.015823837,0.018226803,0.018199255,0.015823837
0.018946370,0.014826979,0.019214513,0.019180201,0.019208764
0.019002913,0.014978023,0.019242588,0.019218743,0.019234529
0.018968887,0.018030003,0.019144896,0.019092888,0.019081815
0.017961255,0.016274095,0.018185118,0.018148439,0.016274095
0.019136141,0.018281166,0.019269468,0.019243442,0.018392651
0.017942381,0.016084839,0.018164021,0.018110494,0.016084839
0.019112202,0.017287310,0.019253284,0.019224399,0.019248265
0.019081701,0.018146741,0.019208734,0.019172269,0.019129678
0.018934729,0.014932261,0.019241993,0.019217407,0.017576679
0.019033815,0.017018595,0.019223901,0.019196163,0.019170585
0.017982629,0.015849170,0.018174125,0.018162552,0.015849170
0.019100568,0.017419864,0.019268256,0.019204781,0.019206681
0.019160808,0.018719616,0.019252044,0.019206516,0.019233730
0.018934692,0.016913147,0.019129588,0.019082918,0.019124037
0.019056682,0.016098658,0.019236951,0.019214113,0.019209132
0.019008841,0.016258618,0.019173484,0.019147785,0.019158633
0.017933742,0.015941753,0.018162453,0.018122103,0.015951496
0.019040916,0.016332763,0.019259497,0.019197459,0.018665212
0.018965420,0.016421743,0.019171665,0.019130941,0.019166197
0.019107742,0.018537981,0.019215423,0.019204184,0.019086820
0.019161792,0.018775346,0.019244012,0.019222162,0.019225596
0.019109615,0.017562992,0.019220441,0.019195204,0.017562992
0.019134728,0.018755900,0.019215054,0.019183249,0.019202038
0.018033133,0.015831703,0.018183701,0.018167251,0.017510360
0.019053948,0.016555523,0.019251382,0.019206654,0.019209004
0.018934244,0.017114817,0.019161074,0.019128805,0.019149971
0.019015646,0.016082854,0.019207042,0.019160365,0.016082854
0.019012297,0.014839410,0.019198225,0.019182796,0.019165282
0.018940182,0.014912426,0.019242760,0.019174038,0.014912426
0.018958205,0.016092783,0.019218847,0.019135711,0.019063290
0.017386634,0.016638490,0.017498649,0.017488965,0.017487624
0.019079741,0.018677050,0.019142546,0.019124424,0.019108219
0.019063696,0.017439949,0.019242937,0.019205439,0.019234299
Ran 105 iterations. Measured 100 iterations.
