All-to-all with 32 processes, msg-size: 1024, test iterations: 100.
Average,Minimum,Maximum,Median,MainRank
0.000062232,0.000055686,0.000071978,0.000061958,0.000062605
0.000062970,0.000056632,0.000072165,0.000059424,0.000069811
0.000054545,0.000047944,0.000063304,0.000053861,0.000055459
0.000070876,0.000059990,0.000091593,0.000068458,0.000064048
0.000044845,0.000037731,0.000051879,0.000044430,0.000046831
0.000046131,0.000040037,0.000053085,0.000046485,0.000047364
0.000047356,0.000041936,0.000053322,0.000047858,0.000050019
0.000050380,0.000044230,0.000059336,0.000050256,0.000053646
0.000052399,0.000047307,0.000060672,0.000050953,0.000051821
0.000041464,0.000036600,0.000047200,0.000041760,0.000044678
0.000044076,0.000038671,0.000049909,0.000043826,0.000045068
0.000039087,0.000035071,0.000043338,0.000039864,0.000040745
0.000034062,0.000030506,0.000039794,0.000033590,0.000034502
0.000032607,0.000028911,0.000040525,0.000032666,0.000033734
0.000029894,0.000027091,0.000035953,0.000029892,0.000032455
0.000031007,0.000027933,0.000035994,0.000030643,0.000032927
0.000036776,0.000029015,0.000075278,0.000034488,0.000037976
0.000037654,0.000033084,0.000041997,0.000037972,0.000039736
0.000040961,0.000035978,0.000047040,0.000040091,0.000041700
0.000057749,0.000037333,0.000088689,0.000058207,0.000045895
0.000039149,0.000034923,0.000046703,0.000039341,0.000040215
0.000049089,0.000034942,0.000056476,0.000053611,0.000056234
0.000032156,0.000028752,0.000035975,0.000031726,0.000034483
0.000029962,0.000026943,0.000036643,0.000029077,0.000032800
0.000029976,0.000027374,0.000034595,0.000029651,0.000030215
0.000030920,0.000026871,0.000035761,0.000029782,0.000034418
0.000032542,0.000030071,0.000037588,0.000031433,0.000032304
0.000033347,0.000029987,0.000037628,0.000032726,0.000037132
0.000032249,0.000028525,0.000037953,0.000031224,0.000035943
0.000031775,0.000027132,0.000038099,0.000030469,0.000034828
0.000033266,0.000028187,0.000037647,0.000032727,0.000034839
0.000031019,0.000026449,0.000037651,0.000030419,0.000032998
0.000029513,0.000025781,0.000034147,0.000029330,0.000031553
0.000028762,0.000026622,0.000032874,0.000027867,0.000030016
0.000031189,0.000028028,0.000034505,0.000030666,0.000033514
0.000033737,0.000029081,0.000037535,0.000033531,0.000035798
0.000033482,0.000030423,0.000037679,0.000033036,0.000035837
0.000032909,0.000028801,0.000040123,0.000031889,0.000040123
0.000032142,0.000027116,0.000036274,0.000031646,0.000035883
0.000039053,0.000034131,0.000049704,0.000037814,0.000043216
0.000031445,0.000025867,0.000035753,0.000030475,0.000035073
0.000029901,0.000026279,0.000033589,0.000029767,0.000031708
0.000028750,0.000026388,0.000032095,0.000028065,0.000029370
0.000030500,0.000027731,0.000035205,0.000029444,0.000032283
0.000032479,0.000029150,0.000036263,0.000031683,0.000035040
0.000031533,0.000028610,0.000036648,0.000030461,0.000034258
0.000036811,0.000030469,0.000047376,0.000037568,0.000039897
0.000033663,0.000030628,0.000037382,0.000032917,0.000035400
0.000035704,0.000031145,0.000043154,0.000035912,0.000036151
0.000030792,0.000026239,0.000041954,0.000029703,0.000035535
0.000030013,0.000026579,0.000035118,0.000029403,0.000031335
0.000028506,0.000025093,0.000033007,0.000027891,0.000031414
0.000029852,0.000027840,0.000034941,0.000029082,0.000031557
0.000031299,0.000027880,0.000035167,0.000030580,0.000033735
0.000032439,0.000029125,0.000036731,0.000031550,0.000035064
0.000031780,0.000026071,0.000038114,0.000030561,0.000029571
0.000033229,0.000028521,0.000036785,0.000033516,0.000033917
0.000032905,0.000029334,0.000037356,0.000031785,0.000033855
0.000032086,0.000026967,0.000037870,0.000031559,0.000035140
0.000030688,0.000025706,0.000035963,0.000030135,0.000033732
