run_id,msg_size,3_Avg-Duration_s,3_Min-Duration_s,3_Max-Duration_s,3_Median-Duration_s,3_MainRank-Duration_s
1,4096,1.0703e-05,8.799e-06,1.2304e-05,1.0625e-05,1.0169e-05
1,4096,9.412e-06,8.147e-06,1.132e-05,8.855e-06,8.858e-06
1,4096,1.0973e-05,8.429e-06,1.2451e-05,1.1344e-05,1.1413e-05
1,4096,1.1581e-05,9.162e-06,1.3926e-05,1.171e-05,9.199e-06
1,4096,1.3702e-05,1.0254e-05,1.7416e-05,1.3291e-05,1.0951e-05
1,4096,9.795e-06,8.63e-06,1.1824e-05,9.636e-06,9.901e-06
1,4096,1.009e-05,8.71e-06,1.147e-05,9.999e-06,8.71e-06
1,4096,1.1487e-05,8.895e-06,1.3869e-05,1.1989e-05,1.3326e-05
1,4096,1.1866e-05,8.97e-06,1.4278e-05,1.2304e-05,1.2221e-05
1,4096,1.0963e-05,8.717e-06,1.3689e-05,1.0842e-05,9.476e-06
1,4096,1.1919e-05,9.062e-06,1.4779e-05,1.2056e-05,9.856e-06
1,4096,1.0719e-05,9.149e-06,1.2115e-05,1.0893e-05,1.1324e-05
1,4096,1.0952e-05,9.996e-06,1.2126e-05,1.0934e-05,1.05e-05
1,4096,1.0255e-05,8.305e-06,1.2034e-05,1.0467e-05,8.305e-06
1,4096,1.293e-05,1.0376e-05,1.5661e-05,1.2601e-05,1.368e-05
1,4096,1.2859e-05,9.889e-06,1.5548e-05,1.2927e-05,1.3142e-05
1,4096,1.1855e-05,8.878e-06,1.367e-05,1.2109e-05,1.08e-05
1,4096,9.916e-06,8.481e-06,1.1768e-05,9.771e-06,8.9e-06
1,4096,1.1179e-05,8.387e-06,1.3403e-05,1.1129e-05,1.3403e-05
1,4096,1.0721e-05,9.257e-06,1.2572e-05,1.0972e-05,1.151e-05
1,4096,1.0653e-05,9.457e-06,1.2403e-05,1.0623e-05,1.0441e-05
1,4096,9.48e-06,8.347e-06,1.1298e-05,8.976e-06,9.937e-06
1,4096,1.1406e-05,8.985e-06,1.3431e-05,1.1861e-05,1.1555e-05
1,4096,1.2109e-05,9.663e-06,1.4378e-05,1.2464e-05,1.4073e-05
1,4096,1.1326e-05,9.194e-06,1.311e-05,1.1666e-05,1.2468e-05
1,4096,1.1298e-05,8.831e-06,1.3694e-05,1.1416e-05,1.084e-05
1,4096,1.319e-05,8.987e-06,1.6285e-05,1.2516e-05,1.062e-05
1,4096,1.257e-05,9.338e-06,1.4764e-05,1.2551e-05,1.4568e-05
1,4096,1.0717e-05,8.522e-06,1.3631e-05,1.0256e-05,8.522e-06
1,4096,1.0128e-05,8.49e-06,1.1405e-05,1.025e-05,8.638e-06
1,4096,1.1248e-05,8.945e-06,1.2698e-05,1.1455e-05,1.0671e-05
1,4096,1.1497e-05,8.916e-06,1.317e-05,1.1693e-05,1.1052e-05
1,4096,1.1157e-05,9.165e-06,1.2538e-05,1.1205e-05,9.165e-06
1,4096,1.1306e-05,8.549e-06,1.3973e-05,1.1635e-05,8.549e-06
1,4096,1.2231e-05,9.744e-06,1.4679e-05,1.2236e-05,1.1437e-05
1,4096,1.0197e-05,8.854e-06,1.1917e-05,1.0277e-05,9.365e-06
1,4096,1.1064e-05,8.588e-06,1.3421e-05,1.1416e-05,1.3421e-05
1,4096,1.1118e-05,9.076e-06,1.3074e-05,1.1419e-05,9.076e-06
1,4096,1.1978e-05,9.451e-06,1.4571e-05,1.1374e-05,1.2551e-05
1,4096,1.2526e-05,9.559e-06,1.5735e-05,1.299e-05,1.3692e-05
1,4096,1.3541e-05,1.0079e-05,1.6644e-05,1.3859e-05,1.3283e-05
1,4096,9.918e-06,8.525e-06,1.1813e-05,9.698e-06,9.976e-06
1,4096,1.2132e-05,1.048e-05,1.4131e-05,1.1833e-05,1.183e-05
1,4096,1.2812e-05,8.942e-06,1.5825e-05,1.3059e-05,1.0038e-05
1,4096,1.1349e-05,8.452e-06,1.406e-05,1.1132e-05,8.962e-06
1,4096,1.0595e-05,8.752e-06,1.4043e-05,1.0733e-05,1.0205e-05
1,4096,1.1877e-05,8.713e-06,1.4638e-05,1.184e-05,1.0895e-05
1,4096,1.0673e-05,8.712e-06,1.3455e-05,1.0923e-05,8.979e-06
1,4096,1.1179e-05,8.737e-06,1.3849e-05,1.1718e-05,1.085e-05
1,4096,1.1202e-05,8.804e-06,1.37e-05,1.1348e-05,9.209e-06
1,4096,1.2118e-05,9.08e-06,1.4398e-05,1.2052e-05,1.3402e-05
1,4096,1.1762e-05,9.482e-06,1.322e-05,1.1916e-05,1.2985e-05
1,4096,1.0375e-05,8.808e-06,1.2557e-05,1.0046e-05,8.967e-06
1,4096,9.745e-06,8.17e-06,1.4312e-05,9.195e-06,8.794e-06
1,4096,1.115e-05,8.817e-06,1.3238e-05,1.1509e-05,8.817e-06
1,4096,1.2521e-05,9.1e-06,1.5385e-05,1.2658e-05,1.3506e-05
1,4096,1.1078e-05,9.27e-06,1.2601e-05,1.0998e-05,1.2192e-05
1,4096,1.0215e-05,9.106e-06,1.2718e-05,9.993e-06,1.2718e-05
1,4096,1.0706e-05,8.626e-06,1.345e-05,1.0644e-05,1.1442e-05
1,4096,1.0093e-05,8.867e-06,1.1941e-05,1.0075e-05,8.867e-06
1,4096,1.1193e-05,8.522e-06,1.3549e-05,1.1368e-05,1.0466e-05
1,4096,9.816e-06,8.533e-06,1.4228e-05,9.303e-06,9.059e-06
1,4096,1.1545e-05,9.284e-06,1.3505e-05,1.1592e-05,9.35e-06
1,4096,1.1556e-05,9.275e-06,1.3781e-05,1.1355e-05,9.275e-06
1,4096,1.1937e-05,8.987e-06,1.3999e-05,1.2386e-05,1.2922e-05
1,4096,9.954e-06,8.567e-06,1.1969e-05,9.706e-06,9.737e-06
1,4096,1.1685e-05,9.652e-06,1.3376e-05,1.167e-05,1.0728e-05
1,4096,1.0391e-05,8.927e-06,1.4039e-05,9.981e-06,9.025e-06
1,4096,1.1066e-05,9.008e-06,1.3127e-05,1.118e-05,9.008e-06
1,4096,1.2062e-05,8.933e-06,1.6279e-05,1.1717e-05,1.2235e-05
1,4096,1.187e-05,8.941e-06,1.4207e-05,1.2321e-05,1.3343e-05
1,4096,1.0104e-05,8.723e-06,1.1818e-05,1.0179e-05,1.0348e-05
1,4096,1.0588e-05,8.461e-06,1.271e-05,1.052e-05,9.135e-06
1,4096,9.885e-06,8.678e-06,1.1281e-05,9.613e-06,8.75e-06
1,4096,1.1909e-05,8.834e-06,1.5028e-05,1.1749e-05,1.0861e-05
1,4096,1.2243e-05,9.456e-06,1.408e-05,1.2509e-05,1.2699e-05
1,4096,1.112e-05,8.598e-06,1.2401e-05,1.1485e-05,1.0542e-05
1,4096,1.0018e-05,8.721e-06,1.2129e-05,9.99e-06,9.043e-06
1,4096,1.2058e-05,9.497e-06,1.4666e-05,1.1717e-05,1.4641e-05
1,4096,1.184e-05,9.256e-06,1.4099e-05,1.2021e-05,9.781e-06
1,4096,1.0946e-05,8.752e-06,1.2472e-05,1.1328e-05,1.0663e-05
1,4096,1.0212e-05,8.726e-06,1.2006e-05,1.0073e-05,9.948e-06
1,4096,1.0679e-05,8.871e-06,1.2833e-05,1.0743e-05,1.0674e-05
1,4096,1.1141e-05,8.728e-06,1.2596e-05,1.1218e-05,1.2562e-05
1,4096,1.1818e-05,9.062e-06,1.4072e-05,1.2425e-05,1.0495e-05
1,4096,9.971e-06,8.655e-06,1.18e-05,9.89e-06,8.991e-06
1,4096,1.1841e-05,8.778e-06,1.35e-05,1.2428e-05,1.2735e-05
1,4096,1.0557e-05,8.917e-06,1.224e-05,1.0913e-05,1.1085e-05
1,4096,1.2294e-05,9.494e-06,1.4567e-05,1.2345e-05,1.3485e-05
1,4096,1.0143e-05,8.964e-06,1.1474e-05,1.0016e-05,1.0023e-05
1,4096,1.1592e-05,9.464e-06,1.3772e-05,1.1679e-05,1.1417e-05
1,4096,1.2122e-05,9.123e-06,1.5023e-05,1.226e-05,9.914e-06
1,4096,1.2368e-05,9.609e-06,1.4032e-05,1.2664e-05,1.3869e-05
1,4096,9.767e-06,8.685e-06,1.1582e-05,9.497e-06,9.28e-06
1,4096,1.1424e-05,9.048e-06,1.3488e-05,1.1234e-05,1.2346e-05
1,4096,1.0529e-05,8.859e-06,1.2211e-05,1.0511e-05,9.669e-06
1,4096,1.1012e-05,9.004e-06,1.2656e-05,1.0802e-05,1.0747e-05
1,4096,1.2021e-05,8.517e-06,1.5397e-05,1.1414e-05,9.726e-06
1,4096,1.0909e-05,9.394e-06,1.2658e-05,1.0871e-05,9.514e-06
1,4096,1.1239e-05,8.901e-06,1.3503e-05,1.1639e-05,1.1675e-05
1,4096,1.0669e-05,9.044e-06,1.1983e-05,1.0679e-05,1.0878e-05
1,4096,1.1481e-05,9.499e-06,1.3321e-05,1.1883e-05,1.0889e-05
1,4096,1.0638e-05,8.701e-06,1.2564e-05,1.0513e-05,9.127e-06
1,4096,1.288e-05,8.929e-06,1.6372e-05,1.2696e-05,8.929e-06
1,4096,1.1641e-05,8.905e-06,1.475e-05,1.1516e-05,1.1596e-05
1,4096,9.903e-06,8.755e-06,1.1705e-05,9.83e-06,9.048e-06
1,4096,1.1186e-05,8.888e-06,1.3026e-05,1.1435e-05,1.018e-05
1,4096,1.1621e-05,9.233e-06,1.3299e-05,1.1758e-05,1.1165e-05
1,4096,1.2006e-05,9.164e-06,1.4622e-05,1.2352e-05,1.2151e-05
1,4096,1.0104e-05,8.378e-06,1.2209e-05,9.893e-06,9.665e-06
1,4096,1.1529e-05,8.524e-06,1.4097e-05,1.1591e-05,1.2695e-05
1,4096,1.1129e-05,9.146e-06,1.2889e-05,1.1107e-05,9.16e-06
1,4096,1.1341e-05,9.157e-06,1.3175e-05,1.0835e-05,1.0761e-05
1,4096,1.0772e-05,9.111e-06,1.2181e-05,1.0973e-05,9.111e-06
1,4096,1.2928e-05,1.0505e-05,1.4465e-05,1.3393e-05,1.3503e-05
1,4096,1.2817e-05,9.658e-06,1.6932e-05,1.2474e-05,1.6932e-05
1,4096,1.1435e-05,9.565e-06,1.3108e-05,1.1441e-05,1.2641e-05
1,4096,9.948e-06,8.675e-06,1.2066e-05,9.602e-06,9.075e-06
1,4096,1.0308e-05,8.6e-06,1.2314e-05,1.0225e-05,9.514e-06
1,4096,1.1895e-05,9.391e-06,1.4833e-05,1.1276e-05,9.391e-06
1,4096,1.1385e-05,9.277e-06,1.3203e-05,1.1554e-05,9.523e-06
1,4096,9.773e-06,8.292e-06,1.153e-05,9.607e-06,8.566e-06
1,4096,1.0229e-05,8.841e-06,1.1592e-05,1.0212e-05,9.283e-06
1,4096,1.0106e-05,8.869e-06,1.1536e-05,9.913e-06,8.869e-06
1,4096,1.2629e-05,9.487e-06,1.4809e-05,1.3114e-05,1.1208e-05
1,4096,9.958e-06,8.815e-06,1.1409e-05,9.662e-06,9.68e-06
1,4096,1.0799e-05,8.372e-06,1.2388e-05,1.077e-05,9.541e-06
1,4096,1.102e-05,8.913e-06,1.3226e-05,1.0858e-05,1.2788e-05
1,4096,1.0925e-05,8.663e-06,1.3559e-05,1.0333e-05,8.663e-06
1,4096,9.808e-06,8.248e-06,1.1618e-05,9.817e-06,8.248e-06
1,4096,1.1616e-05,8.73e-06,1.3818e-05,1.1356e-05,8.73e-06
1,4096,1.1295e-05,9.298e-06,1.3197e-05,1.1296e-05,1.1631e-05
1,4096,1.0401e-05,8.693e-06,1.1938e-05,1.0444e-05,8.693e-06
1,4096,9.615e-06,8.411e-06,1.1519e-05,9.33e-06,8.411e-06
1,4096,1.2026e-05,9.79e-06,1.4824e-05,1.2235e-05,9.79e-06
1,4096,1.0388e-05,8.914e-06,1.197e-05,1.043e-05,9.678e-06
1,4096,1.1355e-05,9.242e-06,1.3172e-05,1.1396e-05,1.2633e-05
1,4096,1.094e-05,8.474e-06,1.3375e-05,1.1018e-05,9.977e-06
1,4096,1.0504e-05,9.423e-06,1.2128e-05,1.0343e-05,9.665e-06
1,4096,1.2295e-05,9.831e-06,1.4488e-05,1.2152e-05,1.3656e-05
1,4096,1.0865e-05,8.832e-06,1.2519e-05,1.1013e-05,1.2223e-05
1,4096,1.1946e-05,9.634e-06,1.4475e-05,1.2137e-05,9.992e-06
1,4096,9.907e-06,8.823e-06,1.1352e-05,9.979e-06,9.133e-06
1,4096,1.1058e-05,8.954e-06,1.2959e-05,1.0854e-05,1.2959e-05
1,4096,1.1952e-05,9.156e-06,1.4038e-05,1.2033e-05,1.0718e-05
1,4096,9.66e-06,8.338e-06,1.1489e-05,9.359e-06,9.771e-06
1,4096,1.1417e-05,9.382e-06,1.3102e-05,1.1612e-05,1.0439e-05
1,4096,1.2443e-05,9.323e-06,1.513e-05,1.2333e-05,1.513e-05
1,4096,1.1406e-05,8.727e-06,1.3494e-05,1.1436e-05,1.0809e-05
1,4096,9.954e-06,8.501e-06,1.1468e-05,9.887e-06,8.793e-06
1,4096,1.1156e-05,8.886e-06,1.3054e-05,1.1464e-05,9.53e-06
1,4096,1.0763e-05,9.206e-06,1.2748e-05,1.0463e-05,9.206e-06
1,4096,1.1052e-05,9.227e-06,1.2874e-05,1.1218e-05,1.0733e-05
1,4096,1.1887e-05,9.108e-06,1.4231e-05,1.2019e-05,9.863e-06
1,4096,1.1919e-05,9.019e-06,1.3947e-05,1.2193e-05,1.0236e-05
1,4096,1.3012e-05,9.813e-06,1.6012e-05,1.3461e-05,1.4105e-05
1,4096,1.1057e-05,8.909e-06,1.2874e-05,1.1397e-05,9.21e-06
1,4096,1.0775e-05,8.752e-06,1.3083e-05,1.1071e-05,8.817e-06
1,4096,1.2829e-05,9.723e-06,1.5581e-05,1.2778e-05,1.2788e-05
1,4096,1.2847e-05,8.886e-06,1.5469e-05,1.3083e-05,1.1286e-05
1,4096,1.2271e-05,9.347e-06,1.4926e-05,1.2279e-05,1.4742e-05
1,4096,9.678e-06,8.622e-06,1.1291e-05,9.415e-06,8.644e-06
1,4096,1.1463e-05,8.47e-06,1.366e-05,1.1709e-05,8.531e-06
1,4096,1.2472e-05,9.658e-06,1.4364e-05,1.2935e-05,1.0624e-05
1,4096,1.175e-05,9.834e-06,1.418e-05,1.1721e-05,1.3869e-05
1,4096,9.961e-06,8.798e-06,1.1638e-05,9.926e-06,8.892e-06
1,4096,1.1497e-05,8.694e-06,1.4281e-05,1.1496e-05,1.3761e-05
1,4096,1.2629e-05,9.111e-06,1.569e-05,1.3004e-05,1.2355e-05
1,4096,1.1294e-05,8.735e-06,1.4273e-05,1.1479e-05,8.737e-06
1,4096,1.0582e-05,8.765e-06,1.3168e-05,1.0801e-05,8.765e-06
1,4096,1.1654e-05,9.906e-06,1.2857e-05,1.1864e-05,9.906e-06
1,4096,1.0843e-05,8.826e-06,1.2461e-05,1.0988e-05,1.1002e-05
1,4096,1.093e-05,9.416e-06,1.2542e-05,1.0997e-05,1.2274e-05
1,4096,1.0331e-05,8.621e-06,1.2719e-05,1.0168e-05,9.15e-06
1,4096,1.0535e-05,8.523e-06,1.2269e-05,1.0802e-05,9.228e-06
1,4096,9.858e-06,8.638e-06,1.1773e-05,9.535e-06,8.638e-06
1,4096,1.0842e-05,8.65e-06,1.2336e-05,1.1247e-05,1.0205e-05
1,4096,1.0749e-05,9.145e-06,1.2925e-05,1.0634e-05,9.653e-06
1,4096,1.0889e-05,8.574e-06,1.3208e-05,1.0924e-05,1.0664e-05
1,4096,1.1915e-05,9.533e-06,1.4573e-05,1.1963e-05,1.2699e-05
1,4096,1.2103e-05,8.68e-06,1.435e-05,1.2092e-05,1.1859e-05
1,4096,1.0036e-05,9.094e-06,1.1815e-05,9.927e-06,9.483e-06
1,4096,1.0557e-05,8.555e-06,1.3576e-05,1.0252e-05,8.555e-06
1,4096,1.146e-05,8.881e-06,1.4111e-05,1.1474e-05,8.881e-06
1,4096,1.1906e-05,9.771e-06,1.3945e-05,1.2218e-05,1.2515e-05
1,4096,1.0123e-05,8.987e-06,1.2006e-05,9.813e-06,9.961e-06
1,4096,1.1657e-05,9.288e-06,1.3839e-05,1.1489e-05,1.3839e-05
1,4096,1.0997e-05,9.366e-06,1.2524e-05,1.1162e-05,1.0151e-05
1,4096,1.2031e-05,9.067e-06,1.4558e-05,1.2575e-05,9.436e-06
1,4096,1.0577e-05,8.535e-06,1.2702e-05,1.0745e-05,9.706e-06
1,4096,1.0511e-05,9.088e-06,1.1962e-05,1.0546e-05,1.0071e-05
1,4096,1.125e-05,9.311e-06,1.3569e-05,1.1341e-05,1.0752e-05
1,4096,1.1635e-05,8.66e-06,1.4551e-05,1.173e-05,8.66e-06
1,4096,1.0474e-05,8.718e-06,1.1931e-05,1.0689e-05,8.743e-06
1,4096,1.0694e-05,9.286e-06,1.2068e-05,1.0633e-05,1.1365e-05
1,4096,1.192e-05,8.883e-06,1.3885e-05,1.2655e-05,1.2696e-05
1,4096,1.0391e-05,9.162e-06,1.1962e-05,1.0294e-05,1.0461e-05
1,4096,1.0067e-05,8.972e-06,1.1601e-05,9.997e-06,9.392e-06
1,4096,1.1042e-05,8.904e-06,1.2172e-05,1.1282e-05,1.1642e-05
1,4096,1.279e-05,9.573e-06,1.5152e-05,1.2946e-05,1.4378e-05
1,4096,1.2026e-05,9.459e-06,1.4366e-05,1.2118e-05,9.581e-06
1,4096,9.918e-06,8.306e-06,1.1394e-05,9.794e-06,9.584e-06
1,4096,1.2494e-05,9.026e-06,1.4658e-05,1.2812e-05,1.0781e-05
1,4096,1.1099e-05,9.205e-06,1.2632e-05,1.1383e-05,1.0041e-05
1,4096,1.1953e-05,8.75e-06,1.4995e-05,1.1609e-05,9.333e-06
1,4096,9.98e-06,8.666e-06,1.1527e-05,1.001e-05,8.97e-06
1,4096,1.1398e-05,9.296e-06,1.3473e-05,1.1968e-05,1.1074e-05
1,4096,1.0564e-05,8.91e-06,1.2147e-05,1.0619e-05,1.0297e-05
1,4096,1.1851e-05,9.327e-06,1.4294e-05,1.1996e-05,1.1992e-05
1,4096,1.0453e-05,8.876e-06,1.205e-05,1.0337e-05,9.189e-06
1,4096,1.2129e-05,9.419e-06,1.4413e-05,1.1643e-05,1.033e-05
1,4096,1.1868e-05,9.051e-06,1.4312e-05,1.1721e-05,1.1752e-05
1,4096,1.0785e-05,8.902e-06,1.2782e-05,1.0915e-05,9.329e-06
1,4096,1.0481e-05,8.708e-06,1.215e-05,1.0517e-05,8.708e-06
1,4096,1.0437e-05,8.576e-06,1.2457e-05,1.0531e-05,8.866e-06
1,4096,1.0473e-05,8.379e-06,1.1949e-05,1.0638e-05,8.379e-06
1,4096,1.079e-05,9.226e-06,1.1955e-05,1.0712e-05,1.1029e-05
1,4096,9.603e-06,8.357e-06,1.1176e-05,9.412e-06,9.001e-06
1,4096,1.1858e-05,9.52e-06,1.5273e-05,1.1246e-05,9.52e-06
1,4096,1.0992e-05,9.053e-06,1.1936e-05,1.1256e-05,9.423e-06
1,4096,1.0633e-05,9.597e-06,1.238e-05,1.0557e-05,1.0614e-05
1,4096,9.761e-06,8.512e-06,1.1252e-05,9.526e-06,9.122e-06
1,4096,1.2124e-05,9.98e-06,1.6193e-05,1.1886e-05,1.3111e-05
1,4096,1.2656e-05,9.144e-06,1.545e-05,1.2562e-05,1.226e-05
1,4096,1.2057e-05,9.651e-06,1.3996e-05,1.2539e-05,9.938e-06
1,4096,1.1011e-05,9.193e-06,1.3178e-05,1.0923e-05,9.965e-06
1,4096,1.1821e-05,9.496e-06,1.4719e-05,1.1962e-05,1.2236e-05
1,4096,1.1311e-05,9.574e-06,1.2868e-05,1.1433e-05,9.574e-06
1,4096,1.1258e-05,9.192e-06,1.3139e-05,1.1172e-05,1.1278e-05
1,4096,9.733e-06,8.46e-06,1.1753e-05,9.393e-06,9.249e-06
1,4096,1.0045e-05,8.628e-06,1.1684e-05,1.0068e-05,9.328e-06
1,4096,1.1105e-05,8.877e-06,1.3347e-05,1.1143e-05,1.2352e-05
1,4096,1.1113e-05,9.358e-06,1.3538e-05,1.0864e-05,1.2978e-05
1,4096,9.928e-06,8.564e-06,1.2123e-05,9.656e-06,9.291e-06
1,4096,1.0974e-05,8.646e-06,1.4012e-05,1.0836e-05,1.0534e-05
1,4096,1.1407e-05,9.208e-06,1.39e-05,1.1696e-05,1.1756e-05
1,4096,1.0932e-05,8.668e-06,1.245e-05,1.1113e-05,1.091e-05
1,4096,9.736e-06,8.406e-06,1.1189e-05,9.577e-06,9.081e-06
1,4096,1.0924e-05,9.327e-06,1.2204e-05,1.1222e-05,1.2204e-05
1,4096,1.0773e-05,9.002e-06,1.2967e-05,1.0788e-05,1.139e-05
1,4096,1.0829e-05,8.766e-06,1.2621e-05,1.1047e-05,9.365e-06
1,4096,1.0422e-05,8.872e-06,1.2206e-05,1.0415e-05,1.0404e-05
1,4096,1.0937e-05,9.053e-06,1.2512e-05,1.096e-05,1.0082e-05
1,4096,1.2116e-05,8.951e-06,1.4353e-05,1.2241e-05,9.223e-06
1,4096,1.069e-05,9.22e-06,1.261e-05,1.0689e-05,1.0675e-05
1,4096,1.0575e-05,8.637e-06,1.2512e-05,1.0641e-05,8.911e-06
1,4096,1.1395e-05,8.979e-06,1.4083e-05,1.116e-05,9.632e-06
1,4096,1.1368e-05,9.338e-06,1.3471e-05,1.1745e-05,9.498e-06
1,4096,1.1225e-05,9.554e-06,1.3293e-05,1.1072e-05,9.752e-06
1,4096,9.698e-06,8.528e-06,1.2028e-05,9.409e-06,8.889e-06
1,4096,1.1575e-05,9.129e-06,1.3269e-05,1.1366e-05,1.2636e-05
1,4096,1.0241e-05,9.048e-06,1.1632e-05,1.0124e-05,9.048e-06
1,4096,1.0861e-05,9.811e-06,1.2843e-05,1.0975e-05,1.1037e-05
1,4096,1.009e-05,8.85e-06,1.2256e-05,9.753e-06,1.048e-05
1,4096,1.0087e-05,8.845e-06,1.1655e-05,9.966e-06,9.566e-06
1,4096,1.1403e-05,8.867e-06,1.2923e-05,1.1869e-05,1.0391e-05
1,4096,1.1328e-05,8.49e-06,1.3504e-05,1.1395e-05,1.1071e-05
1,4096,1.1786e-05,8.506e-06,1.5633e-05,1.1459e-05,9.1e-06
1,4096,1.0426e-05,9.127e-06,1.1589e-05,1.052e-05,1.0324e-05
1,4096,1.1298e-05,8.92e-06,1.3759e-05,1.1307e-05,1.1266e-05
1,4096,1.0458e-05,8.605e-06,1.2208e-05,1.0222e-05,1.0039e-05
1,4096,1.0342e-05,8.785e-06,1.1631e-05,1.0509e-05,1.1024e-05
1,4096,1.0303e-05,8.676e-06,1.2646e-05,1.0323e-05,9.146e-06
1,4096,1.0587e-05,9.023e-06,1.2746e-05,1.079e-05,1.1119e-05
1,4096,1.1019e-05,9.188e-06,1.3161e-05,1.0601e-05,9.367e-06
1,4096,9.797e-06,8.462e-06,1.1823e-05,9.601e-06,9.569e-06
1,4096,1.1433e-05,8.575e-06,1.3036e-05,1.1707e-05,1.1762e-05
1,4096,1.0755e-05,9.25e-06,1.1774e-05,1.0769e-05,1.1496e-05
1,4096,1.1115e-05,8.778e-06,1.2767e-05,1.1213e-05,9.855e-06
1,4096,1.0153e-05,8.369e-06,1.1829e-05,9.818e-06,9.604e-06
1,4096,1.1387e-05,8.36e-06,1.372e-05,1.1498e-05,9.023e-06
1,4096,1.2626e-05,9.193e-06,1.4893e-05,1.321e-05,1.3559e-05
1,4096,1.3172e-05,9.789e-06,1.6521e-05,1.3631e-05,1.5396e-05
1,4096,1.0356e-05,8.475e-06,1.1793e-05,1.0365e-05,1.1767e-05
1,4096,1.2236e-05,9.818e-06,1.391e-05,1.2092e-05,1.0514e-05
1,4096,1.2874e-05,8.626e-06,1.6767e-05,1.351e-05,1.5926e-05
1,4096,1.1535e-05,9.445e-06,1.3616e-05,1.1458e-05,1.0303e-05
1,4096,1.0467e-05,8.425e-06,1.1839e-05,1.1053e-05,8.425e-06
1,4096,1.1265e-05,9.074e-06,1.3361e-05,1.1381e-05,1.1176e-05
1,4096,1.032e-05,8.571e-06,1.1839e-05,1.0337e-05,9.718e-06
1,4096,1.1225e-05,8.64e-06,1.3208e-05,1.1235e-05,1.0129e-05
1,4096,9.956e-06,8.492e-06,1.1474e-05,9.935e-06,9.772e-06
1,4096,1.1709e-05,8.966e-06,1.4034e-05,1.2337e-05,1.2607e-05
1,4096,1.039e-05,8.787e-06,1.1899e-05,1.038e-05,9.241e-06
1,4096,1.2122e-05,9.159e-06,1.8504e-05,1.1267e-05,1.355e-05
1,4096,1.0233e-05,8.956e-06,1.1421e-05,1.0178e-05,1.1043e-05
1,4096,1.0552e-05,9.03e-06,1.2033e-05,1.0594e-05,1.1479e-05
1,4096,1.1248e-05,8.874e-06,1.4245e-05,1.1367e-05,1.0469e-05
1,4096,1.0845e-05,8.686e-06,1.2074e-05,1.1256e-05,1.1365e-05
1,4096,9.753e-06,8.512e-06,1.1856e-05,9.615e-06,8.817e-06
1,4096,1.0029e-05,8.524e-06,1.1735e-05,1.0086e-05,9.397e-06
1,4096,1.1741e-05,9.409e-06,1.3731e-05,1.2154e-05,1.1004e-05
1,4096,1.2288e-05,8.96e-06,1.457e-05,1.2252e-05,1.0503e-05
1,4096,9.678e-06,8.534e-06,1.1097e-05,9.654e-06,8.685e-06
1,4096,1.1359e-05,9.341e-06,1.2811e-05,1.175e-05,1.2691e-05
1,4096,1.0703e-05,8.974e-06,1.2872e-05,1.0772e-05,9.276e-06
1,4096,1.1912e-05,8.92e-06,1.3838e-05,1.2299e-05,8.92e-06
1,4096,9.695e-06,8.42e-06,1.1405e-05,9.332e-06,8.979e-06
1,4096,1.054e-05,8.705e-06,1.2725e-05,1.0869e-05,1.0829e-05
1,4096,1.1442e-05,8.7e-06,1.4257e-05,1.1275e-05,1.0616e-05
1,4096,1.1499e-05,9.26e-06,1.4186e-05,1.0729e-05,9.861e-06
1,4096,9.702e-06,8.711e-06,1.1247e-05,9.489e-06,8.919e-06
1,4096,1.0989e-05,9.009e-06,1.2829e-05,1.1084e-05,9.009e-06
1,4096,1.3378e-05,8.814e-06,1.6045e-05,1.308e-05,1.2151e-05
1,4096,1.074e-05,8.339e-06,1.2615e-05,1.0645e-05,9.939e-06
1,4096,9.972e-06,8.695e-06,1.1496e-05,1.0032e-05,9.046e-06
1,4096,1.2869e-05,9.071e-06,1.4951e-05,1.3013e-05,1.3063e-05
1,4096,1.0343e-05,8.646e-06,1.2409e-05,1.0188e-05,9.107e-06
1,4096,1.1192e-05,9.328e-06,1.2941e-05,1.1284e-05,9.768e-06
1,4096,1.0076e-05,8.933e-06,1.1736e-05,9.578e-06,9.354e-06
1,4096,1.0572e-05,8.887e-06,1.2011e-05,1.0565e-05,9.793e-06
1,4096,9.965e-06,8.882e-06,1.1519e-05,9.702e-06,9.014e-06
1,4096,1.0717e-05,9.21e-06,1.2741e-05,1.0601e-05,9.657e-06
1,4096,9.8e-06,8.676e-06,1.1369e-05,9.41e-06,9.272e-06
1,4096,1.0018e-05,8.847e-06,1.1769e-05,9.789e-06,9.236e-06
1,4096,1.0269e-05,8.731e-06,1.1463e-05,1.0361e-05,8.731e-06
1,4096,1.0345e-05,8.549e-06,1.2776e-05,1.0375e-05,8.549e-06
1,4096,1.0878e-05,8.706e-06,1.3156e-05,1.0811e-05,9.128e-06
1,4096,1.1295e-05,8.691e-06,1.3009e-05,1.176e-05,9.206e-06
1,4096,1.0845e-05,8.689e-06,1.2767e-05,1.0909e-05,1.1229e-05
1,4096,1.1088e-05,8.473e-06,1.3405e-05,1.1323e-05,1.0693e-05
1,4096,1.048e-05,8.526e-06,1.243e-05,1.0327e-05,8.731e-06
1,4096,1.1745e-05,9.147e-06,1.411e-05,1.1855e-05,9.608e-06
1,4096,1.1689e-05,8.755e-06,1.4245e-05,1.1539e-05,9.159e-06
1,4096,1.1017e-05,8.94e-06,1.2432e-05,1.1543e-05,1.171e-05
1,4096,9.979e-06,8.323e-06,1.1825e-05,9.855e-06,8.323e-06
1,4096,1.1445e-05,8.58e-06,1.323e-05,1.1741e-05,1.1185e-05
1,4096,1.0813e-05,8.747e-06,1.2113e-05,1.0938e-05,1.0754e-05
1,4096,1.1493e-05,8.545e-06,1.3664e-05,1.1932e-05,9.774e-06
1,4096,1.1143e-05,8.709e-06,1.4209e-05,1.1481e-05,8.709e-06
1,4096,1.2394e-05,9.859e-06,1.4664e-05,1.2934e-05,1.4664e-05
1,4096,1.0632e-05,8.976e-06,1.2538e-05,1.0797e-05,9.646e-06
1,4096,1.004e-05,8.643e-06,1.1461e-05,9.966e-06,8.643e-06
1,4096,9.822e-06,8.554e-06,1.1199e-05,9.999e-06,9.211e-06
1,4096,1.1326e-05,9.159e-06,1.4785e-05,1.1616e-05,9.159e-06
1,4096,1.0849e-05,8.867e-06,1.3047e-05,1.085e-05,9.77e-06
1,4096,1.1936e-05,8.883e-06,1.3448e-05,1.2033e-05,1.1619e-05
1,4096,1.0223e-05,9.152e-06,1.1434e-05,1.0243e-05,9.74e-06
1,4096,9.8e-06,8.572e-06,1.1872e-05,9.593e-06,9.244e-06
1,4096,1.0948e-05,8.728e-06,1.2413e-05,1.1347e-05,1.152e-05
1,4096,1.2576e-05,9.12e-06,1.5448e-05,1.2844e-05,1.4676e-05
1,4096,9.619e-06,8.477e-06,1.1393e-05,9.313e-06,8.477e-06
1,4096,1.1275e-05,9.717e-06,1.4679e-05,1.1167e-05,9.986e-06
1,4096,1.0768e-05,9.325e-06,1.2443e-05,1.0366e-05,1.0205e-05
1,4096,1.079e-05,8.714e-06,1.2198e-05,1.0971e-05,1.0471e-05
1,4096,1.0546e-05,9.092e-06,1.2412e-05,1.0632e-05,1.0235e-05
1,4096,1.1026e-05,8.611e-06,1.288e-05,1.1054e-05,8.611e-06
1,4096,1.11e-05,9.418e-06,1.2917e-05,1.1248e-05,1.1363e-05
1,4096,1.2122e-05,8.989e-06,1.4476e-05,1.2098e-05,1.4199e-05
1,4096,1.0982e-05,8.638e-06,1.3461e-05,1.0898e-05,8.873e-06
1,4096,1.1807e-05,9.842e-06,1.4158e-05,1.1578e-05,1.0443e-05
1,4096,1.0211e-05,8.466e-06,1.1905e-05,9.983e-06,8.652e-06
1,4096,1.0837e-05,8.891e-06,1.2828e-05,1.0821e-05,1.193e-05
1,4096,9.848e-06,8.494e-06,1.1312e-05,9.581e-06,8.935e-06
1,4096,1.1761e-05,8.783e-06,1.4119e-05,1.1725e-05,1.0442e-05
1,4096,1.0566e-05,9.04e-06,1.162e-05,1.0783e-05,9.04e-06
1,4096,1.0829e-05,8.666e-06,1.2733e-05,1.1128e-05,1.1138e-05
1,4096,1.0788e-05,8.442e-06,1.2647e-05,1.1223e-05,8.916e-06
1,4096,1.1568e-05,9.409e-06,1.3431e-05,1.1297e-05,1.1526e-05
1,4096,1.1444e-05,9.317e-06,1.3694e-05,1.1534e-05,1.1291e-05
1,4096,1.1016e-05,8.755e-06,1.25e-05,1.1318e-05,1.1964e-05
1,4096,1.0209e-05,8.625e-06,1.1843e-05,1.0094e-05,8.625e-06
1,4096,1.2077e-05,9.294e-06,1.3849e-05,1.3054e-05,1.292e-05
1,4096,1.0303e-05,9.18e-06,1.1633e-05,1.0266e-05,9.18e-06
1,4096,1.0637e-05,8.643e-06,1.2763e-05,1.0889e-05,9.747e-06
1,4096,9.808e-06,8.475e-06,1.1227e-05,9.724e-06,9.367e-06
1,4096,1.0506e-05,8.825e-06,1.2676e-05,1.0588e-05,9.021e-06
1,4096,1.0735e-05,9.126e-06,1.2016e-05,1.092e-05,1.0746e-05
1,4096,1.1542e-05,9.17e-06,1.3669e-05,1.1842e-05,9.17e-06
1,4096,9.664e-06,8.488e-06,1.1485e-05,9.609e-06,8.798e-06
1,4096,1.1279e-05,9.195e-06,1.292e-05,1.1469e-05,1.0936e-05
1,4096,1.0743e-05,9.126e-06,1.2484e-05,1.0794e-05,9.126e-06
1,4096,1.1231e-05,8.863e-06,1.3442e-05,1.0859e-05,1.2106e-05
1,4096,9.758e-06,8.614e-06,1.1328e-05,9.657e-06,9.79e-06
1,4096,1.1186e-05,8.61e-06,1.2763e-05,1.1357e-05,8.61e-06
1,4096,1.0648e-05,8.417e-06,1.2311e-05,1.0878e-05,9.604e-06
1,4096,1.1189e-05,9.577e-06,1.2711e-05,1.1205e-05,1.2001e-05
1,4096,9.629e-06,8.613e-06,1.1192e-05,9.39e-06,9.1e-06
1,4096,1.02e-05,8.8e-06,1.1935e-05,9.971e-06,1.0552e-05
1,4096,1.0167e-05,8.975e-06,1.1566e-05,1.0151e-05,8.975e-06
1,4096,1.0856e-05,8.841e-06,1.263e-05,1.0889e-05,9.481e-06
1,4096,1.0016e-05,8.907e-06,1.1664e-05,9.712e-06,9.274e-06
1,4096,1.1763e-05,8.813e-06,1.4449e-05,1.1552e-05,1.2163e-05
1,4096,1.1728e-05,9.83e-06,1.3448e-05,1.1762e-05,1.1802e-05
1,4096,1.1105e-05,9.156e-06,1.2797e-05,1.1255e-05,9.156e-06
1,4096,1.0134e-05,9.1e-06,1.1708e-05,9.984e-06,1.0382e-05
1,4096,1.0144e-05,9.042e-06,1.1717e-05,9.889e-06,9.738e-06
1,4096,1.1495e-05,9.668e-06,1.3403e-05,1.1727e-05,1.3173e-05
1,4096,1.1547e-05,9.268e-06,1.4895e-05,1.1519e-05,1.1672e-05
1,4096,1.0077e-05,8.892e-06,1.1664e-05,9.848e-06,9.453e-06
1,4096,1.1802e-05,9.468e-06,1.4196e-05,1.1614e-05,1.0353e-05
1,4096,1.0753e-05,8.914e-06,1.2035e-05,1.0971e-05,1.1954e-05
1,4096,1.1699e-05,8.773e-06,1.4081e-05,1.1855e-05,1.248e-05
1,4096,1.0486e-05,8.732e-06,1.188e-05,1.0543e-05,9.165e-06
1,4096,1.0951e-05,9.02e-06,1.2646e-05,1.1375e-05,1.1394e-05
1,4096,1.1769e-05,9.53e-06,1.4318e-05,1.176e-05,9.777e-06
1,4096,1.1027e-05,8.907e-06,1.2484e-05,1.1382e-05,1.1417e-05
1,4096,9.978e-06,8.441e-06,1.1307e-05,1.0123e-05,9.001e-06
1,4096,1.1445e-05,9.214e-06,1.3168e-05,1.1734e-05,9.75e-06
1,4096,1.0739e-05,9.312e-06,1.3625e-05,1.057e-05,9.901e-06
1,4096,1.0931e-05,9.544e-06,1.2795e-05,1.068e-05,1.0667e-05
1,4096,9.931e-06,8.516e-06,1.179e-05,9.643e-06,9.142e-06
1,4096,1.044e-05,8.488e-06,1.2318e-05,1.0616e-05,8.488e-06
1,4096,1.0884e-05,8.473e-06,1.2649e-05,1.1075e-05,8.982e-06
1,4096,1.1972e-05,1.0329e-05,1.3689e-05,1.1599e-05,1.1581e-05
1,4096,1.0084e-05,8.419e-06,1.1816e-05,1.012e-05,8.419e-06
1,4096,1.1378e-05,8.621e-06,1.2884e-05,1.1736e-05,1.119e-05
1,4096,1.189e-05,9.352e-06,1.4025e-05,1.1753e-05,1.2859e-05
1,4096,1.0706e-05,8.517e-06,1.3793e-05,1.0835e-05,1.1602e-05
1,4096,9.775e-06,8.574e-06,1.287e-05,9.517e-06,9.062e-06
1,4096,1.0376e-05,8.377e-06,1.352e-05,1.0273e-05,9.273e-06
1,4096,1.1002e-05,8.64e-06,1.3948e-05,1.1268e-05,8.864e-06
1,4096,1.1717e-05,9.327e-06,1.4146e-05,1.1547e-05,1.2353e-05
1,4096,9.768e-06,8.688e-06,1.1447e-05,9.494e-06,8.787e-06
1,4096,1.1043e-05,8.932e-06,1.2817e-05,1.1387e-05,1.0482e-05
1,4096,1.1309e-05,9.38e-06,1.2987e-05,1.0993e-05,1.0926e-05
1,4096,1.1134e-05,9.162e-06,1.3639e-05,1.1584e-05,1.1669e-05
1,4096,1.056e-05,8.625e-06,1.238e-05,1.0776e-05,9.133e-06
1,4096,1.1728e-05,9.335e-06,1.4584e-05,1.1376e-05,1.0028e-05
1,4096,1.1583e-05,9.25e-06,1.4819e-05,1.1463e-05,1.0299e-05
1,4096,1.1533e-05,8.658e-06,1.4139e-05,1.1622e-05,9.122e-06
1,4096,9.729e-06,8.582e-06,1.1113e-05,9.607e-06,8.765e-06
1,4096,9.886e-06,8.675e-06,1.1784e-05,9.763e-06,9.884e-06
1,4096,1.0839e-05,8.462e-06,1.2074e-05,1.1466e-05,9.522e-06
1,4096,1.255e-05,9.236e-06,1.5619e-05,1.294e-05,9.448e-06
1,4096,1.0116e-05,8.902e-06,1.1596e-05,9.767e-06,9.299e-06
1,4096,1.101e-05,8.881e-06,1.2713e-05,1.1501e-05,1.1707e-05
1,4096,1.1817e-05,8.781e-06,1.4147e-05,1.1437e-05,1.0449e-05
1,4096,1.0158e-05,9.01e-06,1.1739e-05,9.944e-06,9.69e-06
1,4096,9.919e-06,8.28e-06,1.1553e-05,9.868e-06,8.667e-06
1,4096,1.0967e-05,9.829e-06,1.2949e-05,1.0909e-05,1.1199e-05
1,4096,1.0972e-05,8.971e-06,1.3066e-05,1.1176e-05,1.1074e-05
1,4096,1.1059e-05,8.836e-06,1.2871e-05,1.1051e-05,1.2658e-05
1,4096,9.785e-06,8.664e-06,1.1117e-05,9.844e-06,8.664e-06
1,4096,1.1466e-05,9.627e-06,1.3314e-05,1.1663e-05,1.0005e-05
1,4096,1.036e-05,9.024e-06,1.1939e-05,1.0454e-05,1.0787e-05
1,4096,1.1224e-05,9.072e-06,1.2985e-05,1.1244e-05,9.072e-06
1,4096,9.791e-06,8.408e-06,1.1467e-05,9.529e-06,9.638e-06
1,4096,1.1071e-05,8.699e-06,1.261e-05,1.1534e-05,1.0139e-05
1,4096,1.0939e-05,8.643e-06,1.2467e-05,1.1329e-05,1.0765e-05
1,4096,1.0875e-05,8.828e-06,1.2701e-05,1.0822e-05,1.0872e-05
1,4096,9.789e-06,8.301e-06,1.1536e-05,9.452e-06,8.931e-06
1,4096,1.0573e-05,9.128e-06,1.2718e-05,1.0617e-05,1.076e-05
1,4096,1.1417e-05,8.7e-06,1.3064e-05,1.1583e-05,8.7e-06
1,4096,1.0624e-05,8.846e-06,1.2338e-05,1.0346e-05,1.0253e-05
1,4096,9.706e-06,8.471e-06,1.1305e-05,9.51e-06,9.566e-06
1,4096,1.0684e-05,8.478e-06,1.286e-05,1.0964e-05,8.727e-06
1,4096,1.1086e-05,9.206e-06,1.2693e-05,1.1107e-05,1.1138e-05
1,4096,1.0784e-05,9.353e-06,1.2384e-05,1.0756e-05,1.0471e-05
1,4096,1.0333e-05,8.694e-06,1.2028e-05,1.042e-05,9.603e-06
1,4096,1.1141e-05,8.493e-06,1.2852e-05,1.1586e-05,8.888e-06
1,4096,1.1149e-05,9.101e-06,1.3283e-05,1.1396e-05,9.191e-06
1,4096,1.1029e-05,8.874e-06,1.2022e-05,1.1421e-05,9.436e-06
1,4096,9.78e-06,8.525e-06,1.1651e-05,9.613e-06,8.525e-06
1,4096,1.1398e-05,8.772e-06,1.3558e-05,1.148e-05,1.0411e-05
1,4096,1.2127e-05,9.439e-06,1.4975e-05,1.1604e-05,1.0292e-05
1,4096,1.0914e-05,9.034e-06,1.2349e-05,1.1133e-05,1.0076e-05
1,4096,9.547e-06,8.646e-06,1.1283e-05,9.157e-06,9.087e-06
1,4096,1.0698e-05,8.563e-06,1.2901e-05,1.0792e-05,9.087e-06
1,4096,1.1072e-05,8.563e-06,1.2835e-05,1.0997e-05,1.0339e-05
1,4096,1.1393e-05,9.416e-06,1.2833e-05,1.1715e-05,1.0372e-05
1,4096,1.0074e-05,8.141e-06,1.1977e-05,9.758e-06,9.646e-06
1,4096,1.0804e-05,8.822e-06,1.2683e-05,1.0933e-05,1.1603e-05
1,4096,1.1485e-05,8.834e-06,1.3576e-05,1.1563e-05,8.834e-06
1,4096,1.1791e-05,9.268e-06,1.3915e-05,1.2047e-05,1.3134e-05
1,4096,9.897e-06,8.457e-06,1.2203e-05,9.716e-06,1.1123e-05
1,4096,1.1123e-05,9.143e-06,1.3301e-05,1.119e-05,1.2163e-05
1,4096,9.977e-06,8.765e-06,1.198e-05,9.597e-06,8.811e-06
1,4096,1.1693e-05,9.425e-06,1.3514e-05,1.174e-05,1.2622e-05
1,4096,9.969e-06,8.357e-06,1.32e-05,9.771e-06,9.033e-06
1,4096,1.1409e-05,8.619e-06,1.3402e-05,1.1462e-05,1.0335e-05
1,4096,1.0242e-05,8.839e-06,1.1717e-05,1.0216e-05,8.839e-06
1,4096,1.1221e-05,9.337e-06,1.2533e-05,1.1458e-05,1.1611e-05
1,4096,9.978e-06,8.289e-06,1.1464e-05,9.974e-06,1.0043e-05
1,4096,1.0683e-05,9.092e-06,1.1805e-05,1.0826e-05,9.248e-06
1,4096,1.1481e-05,9.139e-06,1.3259e-05,1.1715e-05,1.2127e-05
1,4096,1.0566e-05,8.954e-06,1.2351e-05,1.0595e-05,9.042e-06
1,4096,1.0734e-05,8.512e-06,1.2931e-05,1.0899e-05,9.144e-06
1,4096,1.0087e-05,8.946e-06,1.1622e-05,9.932e-06,9.093e-06
1,4096,1.1787e-05,9.215e-06,1.4186e-05,1.1619e-05,1.2814e-05
1,4096,1.0695e-05,9.054e-06,1.2082e-05,1.0687e-05,1.0722e-05
1,4096,1.1074e-05,9.141e-06,1.4484e-05,1.0614e-05,9.151e-06
1,4096,1.22e-05,9.461e-06,1.476e-05,1.2163e-05,1.2173e-05
1,4096,1.0582e-05,8.95e-06,1.1941e-05,1.0739e-05,9.308e-06
1,4096,1.1831e-05,9.082e-06,1.4017e-05,1.1958e-05,9.082e-06
1,4096,1.0423e-05,9.416e-06,1.2326e-05,1.019e-05,9.416e-06
1,4096,1.0857e-05,8.964e-06,1.2312e-05,1.1107e-05,9.113e-06
1,4096,1.0269e-05,8.867e-06,1.18e-05,1.0195e-05,1.0119e-05
1,4096,1.0583e-05,8.41e-06,1.2467e-05,1.077e-05,9.702e-06
1,4096,9.553e-06,8.271e-06,1.1257e-05,9.311e-06,8.752e-06
1,4096,1.0537e-05,8.308e-06,1.2155e-05,1.0392e-05,8.892e-06
1,4096,1.0215e-05,8.985e-06,1.18e-05,1.0186e-05,9.382e-06
1,4096,1.0999e-05,8.58e-06,1.2761e-05,1.1415e-05,9.333e-06
1,4096,9.707e-06,8.73e-06,1.1545e-05,9.399e-06,8.774e-06
1,4096,1.1031e-05,9.474e-06,1.2732e-05,1.1002e-05,1.0879e-05
1,4096,1.1684e-05,9.24e-06,1.3326e-05,1.1912e-05,1.102e-05
1,4096,1.1853e-05,9.739e-06,1.4294e-05,1.1575e-05,9.739e-06
1,4096,9.712e-06,8.547e-06,1.1636e-05,9.632e-06,8.822e-06
1,4096,1.285e-05,9.49e-06,1.4495e-05,1.3225e-05,1.4495e-05
1,4096,1.2838e-05,9.168e-06,1.5935e-05,1.274e-05,1.4144e-05
1,4096,1.1303e-05,9.189e-06,1.3591e-05,1.134e-05,1.1958e-05
1,4096,9.813e-06,8.577e-06,1.1767e-05,9.435e-06,9.475e-06
1,4096,1.0313e-05,8.817e-06,1.1819e-05,9.96e-06,8.817e-06
1,4096,1.0125e-05,8.639e-06,1.1746e-05,1.0038e-05,1.048e-05
1,4096,1.0074e-05,8.695e-06,1.1639e-05,9.863e-06,8.695e-06
1,4096,9.591e-06,8.214e-06,1.1537e-05,9.107e-06,8.99e-06
1,4096,1.1238e-05,8.553e-06,1.3116e-05,1.139e-05,1.1728e-05
1,4096,1.0046e-05,8.912e-06,1.1651e-05,9.991e-06,9.399e-06
1,4096,1.1351e-05,9.476e-06,1.3237e-05,1.1265e-05,1.2227e-05
1,4096,9.799e-06,8.765e-06,1.1494e-05,9.32e-06,9.188e-06
1,4096,1.1188e-05,9.015e-06,1.2983e-05,1.1195e-05,9.015e-06
1,4096,1.1434e-05,9.532e-06,1.3206e-05,1.1504e-05,1.0624e-05
1,4096,1.118e-05,8.317e-06,1.3443e-05,1.191e-05,1.2252e-05
1,4096,9.75e-06,8.6e-06,1.1152e-05,9.652e-06,8.8e-06
1,4096,1.2168e-05,9.533e-06,1.4256e-05,1.2285e-05,1.2652e-05
1,4096,1.0784e-05,9.122e-06,1.2064e-05,1.0755e-05,9.935e-06
1,4096,1.0034e-05,8.629e-06,1.1034e-05,1.0103e-05,8.629e-06
1,4096,1.0198e-05,8.69e-06,1.1713e-05,1.0264e-05,9.486e-06
1,4096,1.0053e-05,8.91e-06,1.1955e-05,9.782e-06,9.112e-06
1,4096,1.0107e-05,8.862e-06,1.2015e-05,1.0111e-05,8.863e-06
1,4096,1.0824e-05,9.04e-06,1.2779e-05,1.1033e-05,1.0582e-05
1,4096,9.45e-06,8.362e-06,1.1258e-05,9.444e-06,1.004e-05
1,4096,1.1288e-05,8.68e-06,1.3484e-05,1.166e-05,1.2113e-05
1,4096,1.116e-05,8.897e-06,1.3726e-05,1.0909e-05,1.1873e-05
1,4096,1.065e-05,8.988e-06,1.2169e-05,1.0887e-05,9.55e-06
1,4096,9.982e-06,8.422e-06,1.2622e-05,9.79e-06,1.0737e-05
1,4096,1.1161e-05,8.479e-06,1.3101e-05,1.1451e-05,1.2144e-05
1,4096,1.0722e-05,8.715e-06,1.4275e-05,1.0609e-05,9.773e-06
1,4096,1.1838e-05,8.162e-06,1.5522e-05,1.1884e-05,9.172e-06
1,4096,9.741e-06,8.357e-06,1.2219e-05,9.633e-06,9.578e-06
1,4096,1.0878e-05,8.66e-06,1.2918e-05,1.1092e-05,1.0654e-05
1,4096,1.1948e-05,8.81e-06,1.4068e-05,1.2508e-05,8.81e-06
1,4096,1.0734e-05,9.556e-06,1.2058e-05,1.0674e-05,1.0689e-05
1,4096,9.574e-06,8.392e-06,1.1877e-05,9.306e-06,8.67e-06
1,4096,1.1155e-05,9.218e-06,1.2944e-05,1.0976e-05,1.1721e-05
1,4096,1.0667e-05,8.727e-06,1.3711e-05,1.09e-05,9.22e-06
1,4096,1.1307e-05,8.652e-06,1.2988e-05,1.1665e-05,1.2945e-05
1,4096,1.034e-05,8.671e-06,1.2357e-05,1.0192e-05,1.0191e-05
1,4096,1.1666e-05,9.509e-06,1.3689e-05,1.1857e-05,1.3444e-05
1,4096,1.0345e-05,8.885e-06,1.1906e-05,1.0235e-05,9.47e-06
1,4096,9.727e-06,8.37e-06,1.0964e-05,9.606e-06,9.516e-06
1,4096,1.0642e-05,8.559e-06,1.1894e-05,1.0941e-05,8.559e-06
1,4096,1.1958e-05,9.492e-06,1.3456e-05,1.21e-05,1.1938e-05
1,4096,1.0767e-05,8.335e-06,1.2825e-05,1.1277e-05,8.506e-06
1,4096,1.2152e-05,9.834e-06,1.4356e-05,1.1972e-05,1.0171e-05
1,4096,1.0103e-05,8.725e-06,1.23e-05,9.729e-06,9.545e-06
1,4096,1.1561e-05,8.404e-06,1.3867e-05,1.1862e-05,1.3212e-05
1,4096,1.0423e-05,9.352e-06,1.1336e-05,1.0538e-05,1.1008e-05
1,4096,1.1316e-05,9.263e-06,1.2939e-05,1.151e-05,9.985e-06
1,4096,9.885e-06,8.488e-06,1.1769e-05,9.896e-06,8.5e-06
1,4096,1.0853e-05,9.837e-06,1.1891e-05,1.0876e-05,1.1116e-05
1,4096,1.1461e-05,9.012e-06,1.3677e-05,1.1614e-05,1.1229e-05
1,4096,1.1219e-05,8.242e-06,1.3328e-05,1.1272e-05,1.1506e-05
1,4096,9.533e-06,8.436e-06,1.0749e-05,9.524e-06,8.436e-06
1,4096,1.0829e-05,8.645e-06,1.256e-05,1.0703e-05,9.537e-06
1,4096,1.071e-05,8.688e-06,1.2259e-05,1.0894e-05,8.806e-06
1,4096,1.0986e-05,8.503e-06,1.27e-05,1.1133e-05,8.982e-06
1,4096,1.0056e-05,8.517e-06,1.1484e-05,9.962e-06,8.517e-06
1,4096,9.928e-06,8.618e-06,1.1837e-05,9.761e-06,9.067e-06
1,4096,1.0895e-05,8.809e-06,1.2637e-05,1.0874e-05,1.0905e-05
1,4096,1.0958e-05,9.012e-06,1.2904e-05,1.079e-05,1.0537e-05
1,4096,1.0167e-05,8.764e-06,1.1548e-05,1.0144e-05,9.525e-06
1,4096,1.0591e-05,8.397e-06,1.2149e-05,1.0899e-05,8.723e-06
1,4096,1.0493e-05,8.722e-06,1.1695e-05,1.0855e-05,9.192e-06
1,4096,1.0128e-05,8.704e-06,1.16e-05,1.0189e-05,1.0588e-05
1,4096,9.956e-06,8.398e-06,1.1551e-05,9.695e-06,8.398e-06
1,4096,1.0506e-05,8.705e-06,1.2069e-05,1.0591e-05,1.1521e-05
1,4096,1.1232e-05,9.141e-06,1.3881e-05,1.1105e-05,1.1307e-05
1,4096,1.1952e-05,9.124e-06,1.4408e-05,1.2376e-05,1.3237e-05
1,4096,9.546e-06,8.483e-06,1.1288e-05,9.474e-06,9.474e-06
1,4096,1.0042e-05,8.665e-06,1.1381e-05,9.696e-06,9.413e-06
1,4096,1.0699e-05,8.671e-06,1.2487e-05,1.0832e-05,8.671e-06
1,4096,1.0308e-05,8.997e-06,1.1847e-05,1.0267e-05,8.997e-06
1,4096,1.0388e-05,8.526e-06,1.1843e-05,1.0586e-05,8.841e-06
1,4096,1.1485e-05,8.554e-06,1.3513e-05,1.1812e-05,1.1484e-05
1,4096,1.0922e-05,8.761e-06,1.2365e-05,1.138e-05,9.434e-06
1,4096,1.1114e-05,8.535e-06,1.3197e-05,1.0932e-05,1.0374e-05
1,4096,9.678e-06,8.228e-06,1.1466e-05,9.526e-06,9.76e-06
1,4096,1.1261e-05,8.74e-06,1.3104e-05,1.1462e-05,8.74e-06
1,4096,9.884e-06,8.373e-06,1.1439e-05,9.904e-06,8.597e-06
1,4096,1.0665e-05,8.686e-06,1.2346e-05,1.0622e-05,9.297e-06
1,4096,1.0042e-05,8.743e-06,1.165e-05,9.989e-06,8.879e-06
1,4096,1.132e-05,8.945e-06,1.3681e-05,1.0757e-05,1.0222e-05
1,4096,1.1967e-05,9.275e-06,1.3423e-05,1.2194e-05,1.2786e-05
1,4096,1.0783e-05,9.055e-06,1.254e-05,1.0948e-05,1.2168e-05
1,4096,1.0994e-05,8.614e-06,1.2603e-05,1.1408e-05,1.2034e-05
1,4096,1.2025e-05,9.325e-06,1.3995e-05,1.2439e-05,1.395e-05
1,4096,1.023e-05,8.892e-06,1.1638e-05,1.0225e-05,1.0778e-05
1,4096,1.1612e-05,8.506e-06,1.4836e-05,1.1418e-05,8.974e-06
1,4096,9.872e-06,8.314e-06,1.1735e-05,1.001e-05,8.599e-06
1,4096,1.0804e-05,8.74e-06,1.2713e-05,1.0436e-05,1.0421e-05
1,4096,1.1056e-05,9.384e-06,1.2613e-05,1.1192e-05,1.0738e-05
1,4096,1.0362e-05,8.978e-06,1.1882e-05,1.005e-05,9.949e-06
1,4096,1.0174e-05,8.696e-06,1.1098e-05,1.0138e-05,9.743e-06
1,4096,1.1557e-05,8.667e-06,1.3658e-05,1.1815e-05,1.0686e-05
1,4096,1.135e-05,8.994e-06,1.3797e-05,1.1553e-05,9.55e-06
1,4096,1.1499e-05,8.407e-06,1.3067e-05,1.1878e-05,1.1065e-05
1,4096,1.0609e-05,8.857e-06,1.2393e-05,1.0997e-05,9.274e-06
1,4096,1.0586e-05,8.816e-06,1.1836e-05,1.0851e-05,9.152e-06
1,4096,1.1115e-05,8.781e-06,1.3259e-05,1.0937e-05,1.0665e-05
1,4096,1.1301e-05,9.454e-06,1.2498e-05,1.1454e-05,1.1923e-05
1,4096,1.0168e-05,8.687e-06,1.1824e-05,9.921e-06,9.126e-06
1,4096,1.0169e-05,8.618e-06,1.1844e-05,1.0059e-05,9.082e-06
1,4096,1.1149e-05,9.742e-06,1.2619e-05,1.1126e-05,9.846e-06
1,4096,1.1172e-05,8.468e-06,1.3506e-05,1.1309e-05,8.89e-06
1,4096,1.0483e-05,8.774e-06,1.2446e-05,1.0811e-05,9.294e-06
1,4096,1.1823e-05,9.613e-06,1.389e-05,1.1735e-05,1.0785e-05
1,4096,1.2623e-05,8.768e-06,1.5938e-05,1.2454e-05,1.2501e-05
1,4096,1.2483e-05,9.87e-06,1.4545e-05,1.2828e-05,1.3125e-05
1,4096,9.722e-06,8.436e-06,1.1486e-05,9.479e-06,8.871e-06
1,4096,1.0164e-05,9.141e-06,1.105e-05,1.0337e-05,9.141e-06
1,4096,1.1169e-05,9.268e-06,1.3171e-05,1.1199e-05,1.2124e-05
1,4096,1.1809e-05,9.025e-06,1.3716e-05,1.2413e-05,1.0918e-05
1,4096,1.0341e-05,8.898e-06,1.234e-05,1.0307e-05,9.277e-06
1,4096,1.0083e-05,9.037e-06,1.2045e-05,9.72e-06,9.052e-06
1,4096,1.0812e-05,9.085e-06,1.2265e-05,1.1228e-05,9.085e-06
1,4096,1.1174e-05,8.962e-06,1.2319e-05,1.1421e-05,1.1006e-05
1,4096,1.1618e-05,8.544e-06,1.3556e-05,1.1974e-05,8.83e-06
1,4096,1.0169e-05,8.74e-06,1.2025e-05,1.0039e-05,9.229e-06
1,4096,1.1199e-05,9.187e-06,1.2665e-05,1.138e-05,1.019e-05
1,4096,1.1885e-05,9.614e-06,1.5182e-05,1.1462e-05,1.0277e-05
1,4096,1.0338e-05,8.699e-06,1.2751e-05,1.0563e-05,8.699e-06
1,4096,1.0922e-05,9.48e-06,1.3374e-05,1.0698e-05,1.0337e-05
1,4096,1.2436e-05,9.328e-06,1.4742e-05,1.2172e-05,1.0969e-05
1,4096,1.1493e-05,8.697e-06,1.4443e-05,1.1353e-05,1.3386e-05
1,4096,9.881e-06,8.371e-06,1.1445e-05,9.608e-06,9.298e-06
1,4096,1.101e-05,8.854e-06,1.402e-05,1.0967e-05,1.1238e-05
1,4096,1.1337e-05,8.943e-06,1.3318e-05,1.1193e-05,1.1227e-05
1,4096,1.0924e-05,8.735e-06,1.2271e-05,1.1302e-05,1.1569e-05
1,4096,9.925e-06,8.463e-06,1.1785e-05,9.811e-06,9.803e-06
1,4096,1.0784e-05,8.908e-06,1.2455e-05,1.0985e-05,8.908e-06
1,4096,1.1921e-05,9.281e-06,1.4428e-05,1.1882e-05,1.4029e-05
1,4096,1.0146e-05,8.959e-06,1.2142e-05,9.812e-06,8.959e-06
1,4096,9.576e-06,8.316e-06,1.0923e-05,9.332e-06,8.55e-06
1,4096,1.0964e-05,9.693e-06,1.2482e-05,1.0998e-05,1.0581e-05
1,4096,1.0599e-05,9.177e-06,1.1668e-05,1.0505e-05,9.177e-06
1,4096,1.1202e-05,9.617e-06,1.3282e-05,1.0931e-05,1.0446e-05
1,4096,9.826e-06,8.653e-06,1.1286e-05,9.636e-06,9.169e-06
1,4096,1.132e-05,9.419e-06,1.3202e-05,1.1323e-05,1.1553e-05
1,4096,1.1668e-05,9.027e-06,1.3594e-05,1.1956e-05,9.067e-06
1,4096,1.081e-05,8.89e-06,1.21e-05,1.1045e-05,1.1295e-05
1,4096,9.879e-06,8.425e-06,1.2172e-05,9.561e-06,8.839e-06
1,4096,1.0919e-05,9.067e-06,1.2548e-05,1.0961e-05,1.0443e-05
1,4096,1.1855e-05,9.451e-06,1.5668e-05,1.2029e-05,1.1134e-05
1,4096,1.1506e-05,9.347e-06,1.4867e-05,1.1512e-05,1.1456e-05
1,4096,9.929e-06,8.542e-06,1.1812e-05,9.664e-06,8.942e-06
1,4096,1.0498e-05,8.924e-06,1.1979e-05,1.0576e-05,8.924e-06
1,4096,1.0586e-05,9.079e-06,1.2084e-05,1.0593e-05,1.0141e-05
1,4096,1.0974e-05,8.886e-06,1.3946e-05,1.1154e-05,1.1586e-05
1,4096,1.0613e-05,8.804e-06,1.2656e-05,1.0328e-05,9.84e-06
1,4096,1.2088e-05,9.237e-06,1.5059e-05,1.1922e-05,9.785e-06
1,4096,1.1389e-05,9.255e-06,1.366e-05,1.1811e-05,9.714e-06
1,4096,1.0955e-05,9.506e-06,1.2412e-05,1.1297e-05,1.1356e-05
1,4096,9.727e-06,8.562e-06,1.1378e-05,9.512e-06,8.723e-06
1,4096,1.1772e-05,1.0178e-05,1.3833e-05,1.18e-05,1.2322e-05
1,4096,1.0677e-05,8.501e-06,1.1966e-05,1.063e-05,9.942e-06
1,4096,1.1133e-05,9.491e-06,1.2796e-05,1.1155e-05,9.891e-06
1,4096,1.0802e-05,8.751e-06,1.2711e-05,1.0675e-05,9.999e-06
1,4096,1.1288e-05,9.091e-06,1.2988e-05,1.1598e-05,9.091e-06
1,4096,1.0253e-05,8.798e-06,1.1894e-05,9.964e-06,9.351e-06
1,4096,1.2221e-05,8.979e-06,1.472e-05,1.2458e-05,9.37e-06
1,4096,9.92e-06,8.712e-06,1.2047e-05,9.498e-06,1.0105e-05
1,4096,9.958e-06,8.871e-06,1.1523e-05,9.664e-06,1.0784e-05
1,4096,1.1327e-05,9.446e-06,1.3593e-05,1.1099e-05,1.1006e-05
1,4096,1.1096e-05,8.902e-06,1.2428e-05,1.156e-05,8.902e-06
1,4096,9.936e-06,8.535e-06,1.1641e-05,9.802e-06,8.665e-06
1,4096,1.0023e-05,8.38e-06,1.1459e-05,9.874e-06,8.867e-06
1,4096,1.0991e-05,9.115e-06,1.2135e-05,1.1245e-05,1.1709e-05
1,4096,1.1268e-05,8.807e-06,1.2734e-05,1.1332e-05,1.1984e-05
1,4096,9.963e-06,8.263e-06,1.1895e-05,9.806e-06,8.946e-06
1,4096,1.1817e-05,1.0866e-05,1.3315e-05,1.1798e-05,1.1983e-05
1,4096,1.0264e-05,8.495e-06,1.1561e-05,1.0462e-05,1.06e-05
1,4096,1.1717e-05,9.127e-06,1.3599e-05,1.1746e-05,9.127e-06
1,4096,9.875e-06,8.633e-06,1.15e-05,9.71e-06,8.817e-06
1,4096,1.1625e-05,9.308e-06,1.3457e-05,1.1746e-05,9.308e-06
1,4096,1.0703e-05,9.17e-06,1.237e-05,1.0843e-05,1.1272e-05
1,4096,1.1762e-05,1.0214e-05,1.2958e-05,1.2064e-05,1.2958e-05
1,4096,1.149e-05,9.078e-06,1.3601e-05,1.1706e-05,1.3545e-05
1,4096,1.0479e-05,8.512e-06,1.1589e-05,1.0609e-05,9.942e-06
1,4096,1.0977e-05,8.638e-06,1.2508e-05,1.1103e-05,1.0969e-05
1,4096,1.0684e-05,8.569e-06,1.3294e-05,1.0648e-05,8.569e-06
1,4096,1.009e-05,8.812e-06,1.2179e-05,9.859e-06,8.993e-06
1,4096,1.1518e-05,8.88e-06,1.3444e-05,1.202e-05,1.3428e-05
1,4096,9.917e-06,8.678e-06,1.1782e-05,9.559e-06,8.702e-06
1,4096,1.152e-05,9.323e-06,1.3592e-05,1.1421e-05,1.2921e-05
1,4096,9.749e-06,8.339e-06,1.1221e-05,9.69e-06,9.701e-06
1,4096,1.1348e-05,8.88e-06,1.3361e-05,1.1645e-05,1.2318e-05
1,4096,1.1458e-05,8.806e-06,1.3995e-05,1.122e-05,1.0075e-05
1,4096,1.1423e-05,9.208e-06,1.3984e-05,1.1409e-05,1.1133e-05
1,4096,9.597e-06,8.476e-06,1.127e-05,9.341e-06,9.164e-06
1,4096,1.0194e-05,8.421e-06,1.2399e-05,1.0151e-05,8.743e-06
1,4096,1.1821e-05,9.591e-06,1.353e-05,1.1857e-05,9.591e-06
1,4096,1.162e-05,9.789e-06,1.3575e-05,1.1696e-05,1.1843e-05
1,4096,9.745e-06,8.569e-06,1.1552e-05,9.568e-06,8.753e-06
1,4096,1.0693e-05,9.303e-06,1.2102e-05,1.0769e-05,9.303e-06
1,4096,1.1249e-05,9.389e-06,1.4198e-05,1.1466e-05,1.1532e-05
1,4096,1.2528e-05,9.122e-06,1.5146e-05,1.2241e-05,1.2215e-05
1,4096,9.876e-06,8.443e-06,1.1687e-05,9.636e-06,9.645e-06
1,4096,1.0193e-05,8.79e-06,1.186e-05,1.0104e-05,9.318e-06
1,4096,1.0947e-05,8.734e-06,1.3181e-05,1.1247e-05,8.734e-06
1,4096,9.978e-06,8.379e-06,1.1351e-05,1.0032e-05,8.524e-06
1,4096,9.758e-06,8.676e-06,1.2044e-05,9.485e-06,8.676e-06
1,4096,1.1597e-05,8.692e-06,1.3877e-05,1.1778e-05,8.692e-06
1,4096,1.2081e-05,9.537e-06,1.406e-05,1.2263e-05,1.0745e-05
1,4096,1.1958e-05,8.869e-06,1.4639e-05,1.2179e-05,1.4639e-05
1,4096,9.788e-06,8.627e-06,1.138e-05,9.752e-06,9.001e-06
1,4096,1.1347e-05,8.502e-06,1.337e-05,1.1437e-05,8.502e-06
1,4096,1.0987e-05,9.262e-06,1.3586e-05,1.1109e-05,1.1483e-05
1,4096,1.2031e-05,9.278e-06,1.3841e-05,1.2002e-05,1.1738e-05
1,4096,9.793e-06,8.522e-06,1.1526e-05,9.782e-06,9.042e-06
1,4096,1.1371e-05,8.747e-06,1.3633e-05,1.1718e-05,1.1517e-05
1,4096,1.1009e-05,8.447e-06,1.3136e-05,1.0877e-05,1.0599e-05
1,4096,1.0782e-05,8.92e-06,1.2139e-05,1.1039e-05,1.0218e-05
1,4096,9.974e-06,8.447e-06,1.1476e-05,1.0078e-05,1.0056e-05
1,4096,1.0427e-05,8.503e-06,1.2525e-05,1.056e-05,9.557e-06
1,4096,1.1055e-05,8.916e-06,1.306e-05,1.0895e-05,8.916e-06
1,4096,1.1249e-05,9.069e-06,1.3064e-05,1.1612e-05,9.454e-06
1,4096,9.963e-06,8.715e-06,1.1595e-05,9.796e-06,8.924e-06
1,4096,1.0618e-05,9.451e-06,1.2472e-05,1.0554e-05,1.0631e-05
1,4096,1.1245e-05,9.434e-06,1.3112e-05,1.1635e-05,9.63e-06
1,4096,1.1029e-05,9.051e-06,1.312e-05,1.1326e-05,1.0612e-05
1,4096,9.684e-06,8.524e-06,1.1178e-05,9.355e-06,8.658e-06
1,4096,1.0104e-05,8.667e-06,1.175e-05,1.0426e-05,9.009e-06
1,4096,1.1979e-05,9.723e-06,1.4357e-05,1.2118e-05,1.364e-05
1,4096,1.1324e-05,8.652e-06,1.3557e-05,1.0786e-05,1.0373e-05
1,4096,9.671e-06,8.519e-06,1.134e-05,9.506e-06,8.832e-06
1,4096,1.1055e-05,8.867e-06,1.2948e-05,1.1452e-05,1.0427e-05
1,4096,1.0686e-05,8.765e-06,1.2701e-05,1.0797e-05,9.543e-06
1,4096,1.1235e-05,9.43e-06,1.3065e-05,1.1221e-05,1.2326e-05
1,4096,1.1337e-05,9.85e-06,1.3223e-05,1.1019e-05,1.0225e-05
1,4096,1.1063e-05,9.145e-06,1.2939e-05,1.0963e-05,1.2541e-05
1,4096,1.1301e-05,9.635e-06,1.2768e-05,1.149e-05,1.2077e-05
1,4096,1.0997e-05,9.036e-06,1.3115e-05,1.1299e-05,1.2424e-05
1,4096,9.527e-06,8.234e-06,1.1105e-05,9.132e-06,8.697e-06
1,4096,1.0303e-05,8.639e-06,1.1811e-05,1.0012e-05,8.639e-06
1,4096,9.974e-06,8.718e-06,1.1903e-05,9.622e-06,9.046e-06
1,4096,1.142e-05,9.546e-06,1.2991e-05,1.1639e-05,1.1714e-05
1,4096,9.689e-06,8.704e-06,1.1147e-05,9.57e-06,8.705e-06
1,4096,1.1334e-05,9.572e-06,1.2811e-05,1.1488e-05,9.905e-06
1,4096,1.0848e-05,8.766e-06,1.2706e-05,1.075e-05,1.077e-05
1,4096,1.1576e-05,9.142e-06,1.3174e-05,1.2059e-05,1.2654e-05
1,4096,1.1432e-05,9.244e-06,1.3347e-05,1.1942e-05,9.253e-06
1,4096,1.0891e-05,8.759e-06,1.2377e-05,1.1021e-05,9.954e-06
1,4096,1.0179e-05,9.078e-06,1.2013e-05,9.928e-06,9.231e-06
1,4096,1.0408e-05,8.774e-06,1.2415e-05,1.058e-05,1.0534e-05
1,4096,1.0319e-05,8.642e-06,1.1706e-05,1.0371e-05,8.714e-06
1,4096,1.03e-05,8.529e-06,1.2746e-05,1.0208e-05,8.529e-06
1,4096,1.1957e-05,9.287e-06,1.4307e-05,1.2195e-05,1.2404e-05
1,4096,1.0424e-05,8.907e-06,1.1694e-05,1.0671e-05,9.161e-06
1,4096,9.74e-06,8.563e-06,1.1336e-05,9.695e-06,8.929e-06
1,4096,1.003e-05,8.514e-06,1.1486e-05,1.0023e-05,8.982e-06
1,4096,1.0722e-05,9.308e-06,1.2318e-05,1.0825e-05,1.0276e-05
1,4096,1.0944e-05,8.54e-06,1.2882e-05,1.094e-05,9.741e-06
1,4096,1.0186e-05,8.738e-06,1.1372e-05,1.0504e-05,9.892e-06
1,4096,1.1268e-05,9.645e-06,1.3025e-05,1.1369e-05,9.645e-06
1,4096,1.132e-05,8.69e-06,1.3549e-05,1.1343e-05,1.2094e-05
1,4096,1.0545e-05,8.829e-06,1.2516e-05,1.0551e-05,8.829e-06
1,4096,9.816e-06,8.454e-06,1.1798e-05,9.424e-06,8.807e-06
1,4096,1.1558e-05,9.396e-06,1.3339e-05,1.165e-05,1.19e-05
1,4096,1.1071e-05,9.131e-06,1.4743e-05,1.1018e-05,1.0729e-05
1,4096,1.1124e-05,9.214e-06,1.3218e-05,1.1184e-05,9.744e-06
1,4096,1.0613e-05,8.647e-06,1.2133e-05,1.0934e-05,9.729e-06
1,4096,1.0257e-05,9.041e-06,1.2727e-05,9.767e-06,9.304e-06
1,4096,1.0295e-05,8.663e-06,1.1844e-05,1.0234e-05,8.663e-06
1,4096,1.1396e-05,8.676e-06,1.3737e-05,1.186e-05,1.0811e-05
1,4096,9.946e-06,8.427e-06,1.1479e-05,9.917e-06,8.681e-06
1,4096,1.0569e-05,8.672e-06,1.365e-05,1.028e-05,9.671e-06
1,4096,1.0284e-05,8.55e-06,1.3466e-05,1.0239e-05,1.0213e-05
1,4096,1.0905e-05,9.309e-06,1.4049e-05,1.0697e-05,9.428e-06
1,4096,9.829e-06,8.546e-06,1.1376e-05,9.759e-06,9.426e-06
1,4096,1.0973e-05,9.377e-06,1.2378e-05,1.103e-05,1.0553e-05
1,4096,1.0428e-05,8.792e-06,1.2127e-05,1.0584e-05,9.136e-06
1,4096,1.0699e-05,9.023e-06,1.2266e-05,1.0806e-05,9.41e-06
1,4096,9.641e-06,8.469e-06,1.1467e-05,9.671e-06,8.659e-06
1,4096,1.1798e-05,9.169e-06,1.3591e-05,1.2276e-05,1.2583e-05
1,4096,1.0705e-05,9.152e-06,1.2105e-05,1.0967e-05,9.306e-06
1,4096,1.0549e-05,9.124e-06,1.3081e-05,1.045e-05,1.0034e-05
1,4096,1.0826e-05,8.5e-06,1.2234e-05,1.1226e-05,9.193e-06
1,4096,1.1332e-05,8.819e-06,1.3296e-05,1.1745e-05,8.824e-06
1,4096,1.0867e-05,8.921e-06,1.3046e-05,1.0942e-05,1.0313e-05
1,4096,1.1813e-05,8.975e-06,1.4009e-05,1.2087e-05,1.33e-05
1,4096,1.0712e-05,8.813e-06,1.2676e-05,1.1056e-05,1.0308e-05
1,4096,1.0155e-05,8.754e-06,1.2338e-05,1.0005e-05,8.863e-06
1,4096,1.2781e-05,1.0126e-05,1.4709e-05,1.3039e-05,1.1251e-05
1,4096,1.0591e-05,8.912e-06,1.2026e-05,1.0678e-05,9.228e-06
1,4096,1.028e-05,8.831e-06,1.1928e-05,1.0221e-05,1.1928e-05
1,4096,1.1272e-05,8.973e-06,1.3e-05,1.1693e-05,9.096e-06
1,4096,1.0858e-05,8.621e-06,1.2471e-05,1.1088e-05,8.898e-06
1,4096,1.1606e-05,9.267e-06,1.352e-05,1.1764e-05,1.1165e-05
1,4096,1.0239e-05,8.282e-06,1.1983e-05,1.0161e-05,9.772e-06
1,4096,1.1643e-05,9.988e-06,1.3975e-05,1.1592e-05,1.0667e-05
1,4096,1.1132e-05,8.819e-06,1.3205e-05,1.134e-05,9.164e-06
1,4096,1.0554e-05,8.843e-06,1.2088e-05,1.0457e-05,8.843e-06
1,4096,9.439e-06,8.38e-06,1.0941e-05,9.289e-06,8.578e-06
1,4096,1.186e-05,9.478e-06,1.3509e-05,1.1776e-05,1.0425e-05
1,4096,1.2032e-05,9.079e-06,1.4639e-05,1.2087e-05,9.551e-06
1,4096,1.1466e-05,8.504e-06,1.3652e-05,1.1025e-05,8.504e-06
1,4096,9.74e-06,8.616e-06,1.1387e-05,9.623e-06,9.019e-06
1,4096,9.915e-06,8.596e-06,1.1305e-05,9.814e-06,9.009e-06
1,4096,1.0064e-05,8.473e-06,1.2196e-05,9.954e-06,8.85e-06
1,4096,1.1913e-05,9.765e-06,1.3955e-05,1.1939e-05,1.1679e-05
1,4096,9.923e-06,8.817e-06,1.1453e-05,9.626e-06,9.279e-06
1,4096,1.0893e-05,8.421e-06,1.3279e-05,1.0995e-05,9.389e-06
1,4096,1.0171e-05,8.742e-06,1.1853e-05,9.901e-06,9.224e-06
1,4096,1.121e-05,9.016e-06,1.3565e-05,1.1751e-05,1.0937e-05
1,4096,9.701e-06,8.264e-06,1.1446e-05,9.509e-06,9.469e-06
1,4096,9.539e-06,8.655e-06,1.1634e-05,9.336e-06,9.126e-06
1,4096,1.1113e-05,8.791e-06,1.2294e-05,1.1347e-05,1.0746e-05
1,4096,1.0924e-05,8.593e-06,1.2733e-05,1.0946e-05,9.453e-06
1,4096,1.0621e-05,8.652e-06,1.2682e-05,1.0921e-05,8.652e-06
1,4096,1.2236e-05,9.587e-06,1.42e-05,1.2545e-05,1.3314e-05
1,4096,1.1415e-05,9.127e-06,1.2948e-05,1.1806e-05,1.0142e-05
1,4096,1.1336e-05,9.232e-06,1.3178e-05,1.1517e-05,1.2427e-05
1,4096,9.706e-06,8.501e-06,1.1764e-05,9.526e-06,8.921e-06
1,4096,1.1463e-05,9.396e-06,1.3454e-05,1.152e-05,1.2434e-05
1,4096,1.0756e-05,8.68e-06,1.2761e-05,1.104e-05,9.816e-06
1,4096,1.0297e-05,8.27e-06,1.1764e-05,1.0384e-05,8.27e-06
1,4096,9.843e-06,8.362e-06,1.1583e-05,9.737e-06,8.922e-06
1,4096,9.919e-06,8.569e-06,1.1533e-05,1.0007e-05,8.939e-06
1,4096,1.1385e-05,8.574e-06,1.4129e-05,1.1506e-05,8.899e-06
1,4096,1.1512e-05,8.884e-06,1.3814e-05,1.1545e-05,1.1543e-05
1,4096,1.0673e-05,8.483e-06,1.307e-05,1.0926e-05,8.884e-06
1,4096,1.1621e-05,9.18e-06,1.2935e-05,1.1822e-05,9.18e-06
1,4096,1.1866e-05,9.104e-06,1.4508e-05,1.1909e-05,9.766e-06
1,4096,1.0274e-05,8.579e-06,1.1489e-05,1.0455e-05,1.0288e-05
1,4096,9.826e-06,8.644e-06,1.1521e-05,9.617e-06,9.754e-06
1,4096,1.0093e-05,8.432e-06,1.1971e-05,9.996e-06,9.08e-06
1,4096,1.0317e-05,8.635e-06,1.2974e-05,9.89e-06,8.635e-06
1,4096,1.05e-05,8.339e-06,1.2295e-05,1.0701e-05,8.747e-06
1,4096,1.032e-05,8.843e-06,1.2047e-05,1.0313e-05,8.943e-06
1,4096,1.1735e-05,9.171e-06,1.4159e-05,1.1832e-05,9.171e-06
1,4096,1.1852e-05,9.397e-06,1.3869e-05,1.2055e-05,1.0309e-05
1,4096,1.1369e-05,9.115e-06,1.3467e-05,1.1018e-05,1.1057e-05
1,4096,9.929e-06,8.486e-06,1.1435e-05,9.834e-06,9.759e-06
1,4096,1.0819e-05,9.212e-06,1.2646e-05,1.0924e-05,9.768e-06
1,4096,1.1182e-05,9.133e-06,1.2766e-05,1.1345e-05,9.63e-06
1,4096,1.1056e-05,8.894e-06,1.3176e-05,1.0588e-05,1.0126e-05
1,4096,9.775e-06,8.596e-06,1.1165e-05,9.792e-06,9.141e-06
1,4096,1.0935e-05,9.14e-06,1.2977e-05,1.082e-05,1.1158e-05
1,4096,1.0187e-05,8.629e-06,1.2193e-05,1.0132e-05,8.629e-06
1,4096,1.1223e-05,8.485e-06,1.2939e-05,1.146e-05,1.0458e-05
1,4096,1.0813e-05,8.952e-06,1.2248e-05,1.1037e-05,9.09e-06
1,4096,9.89e-06,8.313e-06,1.125e-05,9.991e-06,8.521e-06
1,4096,1.0303e-05,8.809e-06,1.184e-05,1.031e-05,9.491e-06
1,4096,1.1458e-05,8.81e-06,1.3691e-05,1.1575e-05,1.2232e-05
1,4096,9.752e-06,8.434e-06,1.1934e-05,9.542e-06,9.261e-06
1,4096,1.0294e-05,8.644e-06,1.1956e-05,1.0183e-05,8.644e-06
1,4096,1.1682e-05,9.444e-06,1.3086e-05,1.188e-05,1.0556e-05
1,4096,9.862e-06,8.668e-06,1.1736e-05,9.469e-06,9.15e-06
1,4096,1.0703e-05,8.466e-06,1.2494e-05,1.0998e-05,8.857e-06
1,4096,1.0376e-05,8.87e-06,1.1683e-05,1.0433e-05,8.87e-06
1,4096,1.0455e-05,8.939e-06,1.2016e-05,1.0318e-05,1.1334e-05
1,4096,1.059e-05,8.893e-06,1.1755e-05,1.071e-05,1.1182e-05
1,4096,9.663e-06,8.248e-06,1.1121e-05,9.553e-06,8.248e-06
1,4096,1.1231e-05,9.45e-06,1.3231e-05,1.1092e-05,9.45e-06
1,4096,1.1179e-05,9.069e-06,1.2712e-05,1.1578e-05,1.0019e-05
1,4096,1.0475e-05,8.783e-06,1.1763e-05,1.073e-05,1.1498e-05
1,4096,9.654e-06,8.114e-06,1.1437e-05,9.569e-06,8.114e-06
1,4096,1.0078e-05,8.738e-06,1.1767e-05,1.0012e-05,8.738e-06
1,4096,1.0234e-05,8.626e-06,1.1853e-05,1.0196e-05,8.626e-06
1,4096,1.123e-05,9.427e-06,1.3465e-05,1.1305e-05,1.1832e-05
1,4096,1.0069e-05,8.528e-06,1.1321e-05,9.971e-06,9.781e-06
1,4096,1.0915e-05,8.761e-06,1.2758e-05,1.1059e-05,1.0981e-05
1,4096,1.065e-05,8.86e-06,1.2596e-05,1.0811e-05,9.777e-06
1,4096,1.0493e-05,9.355e-06,1.1724e-05,1.0611e-05,1.0622e-05
1,4096,1.0334e-05,8.938e-06,1.1626e-05,1.062e-05,8.938e-06
1,4096,1.0623e-05,8.989e-06,1.4259e-05,1.0841e-05,9.01e-06
1,4096,1.1634e-05,9.242e-06,1.3651e-05,1.1425e-05,1.2891e-05
1,4096,1.0869e-05,8.993e-06,1.2567e-05,1.0497e-05,1.0194e-05
1,4096,1.017e-05,8.566e-06,1.228e-05,1.0107e-05,8.715e-06
1,4096,1.1352e-05,9.031e-06,1.2853e-05,1.1511e-05,1.0891e-05
1,4096,1.0679e-05,8.971e-06,1.2468e-05,1.0786e-05,9.84e-06
1,4096,1.1183e-05,8.889e-06,1.2772e-05,1.1614e-05,1.0493e-05
1,4096,9.707e-06,8.502e-06,1.1318e-05,9.412e-06,8.789e-06
1,4096,1.0113e-05,8.686e-06,1.1908e-05,1.0034e-05,8.686e-06
1,4096,1.232e-05,9.255e-06,1.4429e-05,1.2405e-05,1.023e-05
1,4096,1.0582e-05,8.959e-06,1.251e-05,1.0573e-05,9.289e-06
1,4096,9.441e-06,8.301e-06,1.1665e-05,9.051e-06,8.702e-06
1,4096,9.965e-06,8.607e-06,1.1613e-05,1.0003e-05,9.297e-06
1,4096,1.0667e-05,8.73e-06,1.2192e-05,1.0825e-05,9.472e-06
1,4096,1.0134e-05,8.603e-06,1.2209e-05,9.803e-06,8.746e-06
1,4096,1.0057e-05,8.7e-06,1.1435e-05,9.95e-06,9.611e-06
1,4096,1.1364e-05,9.176e-06,1.329e-05,1.1439e-05,1.2637e-05
1,4096,1.2038e-05,9.596e-06,1.4888e-05,1.2119e-05,1.1547e-05
1,4096,1.1463e-05,9.338e-06,1.3903e-05,1.1358e-05,1.379e-05
1,4096,9.822e-06,8.669e-06,1.1723e-05,9.616e-06,9.021e-06
1,4096,1.0072e-05,8.756e-06,1.1609e-05,9.899e-06,8.756e-06
1,4096,1.0223e-05,8.705e-06,1.1503e-05,1.0203e-05,1.019e-05
1,4096,1.1474e-05,9.075e-06,1.5338e-05,1.1201e-05,1.095e-05
1,4096,1.0967e-05,8.795e-06,1.3182e-05,1.094e-05,9.723e-06
1,4096,1.0457e-05,8.748e-06,1.2206e-05,1.0512e-05,1.0302e-05
1,4096,1.0956e-05,8.717e-06,1.3382e-05,1.1275e-05,8.717e-06
1,4096,1.209e-05,9.28e-06,1.4065e-05,1.2471e-05,9.28e-06
1,4096,9.841e-06,8.406e-06,1.1769e-05,9.754e-06,8.432e-06
1,4096,1.1417e-05,8.736e-06,1.3721e-05,1.1859e-05,1.1114e-05
1,4096,1.0365e-05,8.454e-06,1.2036e-05,1.0634e-05,9.24e-06
1,4096,1.0928e-05,9.151e-06,1.2411e-05,1.1158e-05,9.566e-06
1,4096,9.772e-06,8.358e-06,1.1319e-05,9.687e-06,9.088e-06
1,4096,1.1642e-05,9.576e-06,1.3409e-05,1.1985e-05,1.1054e-05
1,4096,1.0533e-05,8.918e-06,1.199e-05,1.058e-05,1.0466e-05
1,4096,1.0851e-05,8.822e-06,1.2412e-05,1.091e-05,8.822e-06
1,4096,9.905e-06,8.597e-06,1.1575e-05,1.0009e-05,1.0177e-05
1,4096,1.0647e-05,9.38e-06,1.2671e-05,1.0643e-05,9.739e-06
1,4096,1.1323e-05,9.002e-06,1.3525e-05,1.1645e-05,9.002e-06
1,4096,1.0761e-05,8.937e-06,1.2269e-05,1.0891e-05,1.084e-05
1,4096,9.629e-06,8.331e-06,1.1195e-05,9.555e-06,9.022e-06
1,4096,1.0244e-05,8.946e-06,1.1958e-05,1.0091e-05,1.0009e-05
1,4096,1.1519e-05,8.995e-06,1.3387e-05,1.1867e-05,8.995e-06
1,4096,1.1587e-05,9.075e-06,1.3585e-05,1.1816e-05,1.2425e-05
1,4096,9.628e-06,8.484e-06,1.0997e-05,9.565e-06,9.046e-06
1,4096,1.2417e-05,8.517e-06,1.4526e-05,1.2603e-05,1.3825e-05
1,4096,1.2296e-05,8.932e-06,1.4293e-05,1.3005e-05,1.3485e-05
1,4096,1.145e-05,8.638e-06,1.3263e-05,1.1588e-05,1.1326e-05
1,4096,9.774e-06,8.511e-06,1.1427e-05,9.447e-06,8.661e-06
1,4096,9.822e-06,8.441e-06,1.1404e-05,9.842e-06,8.643e-06
1,4096,1.1517e-05,9.222e-06,1.331e-05,1.1393e-05,1.2906e-05
1,4096,1.2365e-05,9.899e-06,1.4859e-05,1.2495e-05,1.3389e-05
1,4096,9.855e-06,8.852e-06,1.1305e-05,9.562e-06,9.494e-06
1,4096,1.0162e-05,8.531e-06,1.2016e-05,1.0115e-05,8.686e-06
1,4096,1.1099e-05,9.616e-06,1.229e-05,1.1305e-05,1.1484e-05
1,4096,1.0461e-05,9.005e-06,1.158e-05,1.0413e-05,1.0142e-05
1,4096,9.873e-06,8.738e-06,1.1469e-05,9.602e-06,8.738e-06
1,4096,1.0509e-05,9.209e-06,1.1918e-05,1.0673e-05,9.955e-06
1,4096,1.1854e-05,9.544e-06,1.4342e-05,1.1441e-05,1.1243e-05
1,4096,1.1635e-05,8.91e-06,1.3258e-05,1.168e-05,1.0972e-05
1,4096,1.0056e-05,8.52e-06,1.1899e-05,1.0084e-05,9.133e-06
1,4096,1.171e-05,9.17e-06,1.3346e-05,1.2234e-05,1.0909e-05
1,4096,1.1365e-05,8.778e-06,1.3671e-05,1.1742e-05,8.778e-06
1,4096,1.1106e-05,9.63e-06,1.2312e-05,1.1187e-05,1.1055e-05
1,4096,1.038e-05,8.759e-06,1.1652e-05,1.0644e-05,9.7e-06
1,4096,9.952e-06,8.632e-06,1.1782e-05,1.0148e-05,8.797e-06
1,4096,1.2058e-05,9.234e-06,1.3756e-05,1.2579e-05,1.2873e-05
1,4096,1.1416e-05,8.899e-06,1.2741e-05,1.1803e-05,1.2741e-05
1,4096,9.542e-06,8.366e-06,1.1496e-05,9.411e-06,9.415e-06
1,4096,1.1336e-05,8.722e-06,1.3535e-05,1.1446e-05,8.722e-06
1,4096,1.1139e-05,9.061e-06,1.2418e-05,1.1364e-05,1.008e-05
1,4096,1.1277e-05,8.998e-06,1.3784e-05,1.1287e-05,9.625e-06
1,4096,1.1519e-05,8.389e-06,1.4152e-05,1.1825e-05,8.558e-06
1,4096,1.1199e-05,8.924e-06,1.3014e-05,1.1518e-05,1.2283e-05
1,4096,1.0555e-05,8.639e-06,1.4237e-05,1.0507e-05,1.0375e-05
1,4096,1.0627e-05,8.147e-06,1.2651e-05,1.0615e-05,1.0192e-05
1,4096,9.627e-06,8.498e-06,1.1215e-05,9.48e-06,9.621e-06
1,4096,1.0415e-05,8.932e-06,1.2091e-05,1.0246e-05,1.0234e-05
1,4096,1.1816e-05,9.537e-06,1.3761e-05,1.1842e-05,1.1584e-05
1,4096,1.0705e-05,8.817e-06,1.208e-05,1.0877e-05,1.0198e-05
1,4096,9.675e-06,8.606e-06,1.1449e-05,9.433e-06,8.949e-06
1,4096,1.101e-05,9.081e-06,1.2441e-05,1.1302e-05,1.0837e-05
1,4096,1.1716e-05,9.203e-06,1.3373e-05,1.2058e-05,1.05e-05
1,4096,1.1905e-05,9.138e-06,1.4081e-05,1.2033e-05,1.0936e-05
1,4096,9.811e-06,8.707e-06,1.1614e-05,9.463e-06,9.069e-06
1,4096,1.0054e-05,8.547e-06,1.2031e-05,9.807e-06,8.669e-06
1,4096,1.2027e-05,9.812e-06,1.3927e-05,1.2319e-05,1.1316e-05
1,4096,1.0173e-05,8.573e-06,1.2402e-05,9.99e-06,9.055e-06
1,4096,9.621e-06,8.601e-06,1.1146e-05,9.255e-06,9.207e-06
1,4096,1.1066e-05,8.725e-06,1.3122e-05,1.1115e-05,1.276e-05
1,4096,9.941e-06,8.537e-06,1.1515e-05,9.696e-06,8.537e-06
1,4096,1.1553e-05,9.58e-06,1.3139e-05,1.1577e-05,1.0164e-05
1,4096,9.786e-06,8.44e-06,1.1347e-05,9.733e-06,9.802e-06
1,4096,1.1351e-05,9.765e-06,1.3135e-05,1.1092e-05,9.765e-06
1,4096,1.0381e-05,8.899e-06,1.1687e-05,1.0424e-05,9.302e-06
1,4096,1.0884e-05,9.468e-06,1.2287e-05,1.0748e-05,1.081e-05
1,4096,9.398e-06,8.35e-06,1.1109e-05,9.033e-06,8.863e-06
1,4096,1.0732e-05,8.86e-06,1.2067e-05,1.1103e-05,9.091e-06
1,4096,1.1391e-05,8.757e-06,1.3443e-05,1.1492e-05,1.2286e-05
1,4096,1.2014e-05,9.507e-06,1.4228e-05,1.2042e-05,1.0412e-05
1,4096,1.0774e-05,9.012e-06,1.2606e-05,1.104e-05,9.308e-06
1,4096,1.047e-05,8.483e-06,1.1997e-05,1.0703e-05,8.483e-06
1,4096,1.0064e-05,8.554e-06,1.1696e-05,9.984e-06,1.0482e-05
1,4096,1.0621e-05,8.761e-06,1.2239e-05,1.0717e-05,8.797e-06
1,4096,9.734e-06,8.315e-06,1.117e-05,9.698e-06,8.315e-06
1,4096,1.0126e-05,8.389e-06,1.2103e-05,1.0226e-05,8.807e-06
1,4096,1.1174e-05,9.424e-06,1.2562e-05,1.1379e-05,9.45e-06
1,4096,1.2654e-05,8.649e-06,1.4946e-05,1.3452e-05,1.3938e-05
1,4096,9.824e-06,8.624e-06,1.1447e-05,9.592e-06,9.471e-06
1,4096,1.1593e-05,8.825e-06,1.3174e-05,1.155e-05,1.0327e-05
1,4096,1.1112e-05,8.68e-06,1.3013e-05,1.1084e-05,1.1112e-05
1,4096,1.1074e-05,1.0008e-05,1.2727e-05,1.1047e-05,1.1764e-05
1,4096,9.966e-06,8.679e-06,1.1581e-05,9.882e-06,9.401e-06
1,4096,1.0308e-05,8.896e-06,1.1959e-05,1.041e-05,9.606e-06
1,4096,1.1779e-05,9.503e-06,1.3144e-05,1.1926e-05,1.1617e-05
1,4096,1.1432e-05,8.825e-06,1.3193e-05,1.1535e-05,1.0464e-05
1,4096,9.636e-06,8.334e-06,1.1341e-05,9.71e-06,8.334e-06
1,4096,1.1736e-05,8.587e-06,1.3912e-05,1.2057e-05,1.2433e-05
1,4096,1.1331e-05,9.083e-06,1.3078e-05,1.1749e-05,1.026e-05
1,4096,1.2066e-05,9.157e-06,1.3916e-05,1.2584e-05,1.3656e-05
1,4096,9.766e-06,8.748e-06,1.1281e-05,9.551e-06,9.661e-06
1,4096,9.889e-06,8.377e-06,1.1676e-05,9.848e-06,8.377e-06
1,4096,1.0222e-05,8.887e-06,1.1382e-05,1.0209e-05,9.172e-06
1,4096,1.1186e-05,9.121e-06,1.2932e-05,1.1135e-05,9.412e-06
1,4096,9.918e-06,8.699e-06,1.1614e-05,9.683e-06,8.699e-06
1,4096,1.2675e-05,9.402e-06,1.4944e-05,1.28e-05,1.235e-05
1,4096,1.264e-05,9.437e-06,1.4727e-05,1.3378e-05,1.3377e-05
1,4096,1.11e-05,8.686e-06,1.2994e-05,1.0895e-05,1.0852e-05
1,4096,9.779e-06,8.286e-06,1.1923e-05,9.711e-06,9.36e-06
1,4096,1.0257e-05,8.782e-06,1.1781e-05,1.0227e-05,1.0746e-05
1,4096,1.1194e-05,9.18e-06,1.3455e-05,1.1298e-05,1.1423e-05
1,4096,1.1688e-05,9.98e-06,1.398e-05,1.1532e-05,1.028e-05
1,4096,9.654e-06,8.479e-06,1.1429e-05,9.316e-06,9.824e-06
1,4096,1.099e-05,8.412e-06,1.2031e-05,1.1328e-05,8.412e-06
1,4096,1.2295e-05,9.014e-06,1.4642e-05,1.2595e-05,1.1678e-05
