run_id,msg_size,6_Avg-Duration_s,6_Min-Duration_s,6_Max-Duration_s,6_Median-Duration_s,6_MainRank-Duration_s
1,2097152,0.000631529,0.00056299,0.00070028,0.000625542,0.000688032
1,2097152,0.000608896,0.000596653,0.000625416,0.000607972,0.000603265
1,2097152,0.000608404,0.000595091,0.000625986,0.000607616,0.00060954
1,2097152,0.000609021,0.000595702,0.000626479,0.000607762,0.000611867
1,2097152,0.000612587,0.000596419,0.000640257,0.000610382,0.000608962
1,2097152,0.000678536,0.000610504,0.000778296,0.000661846,0.000630027
1,2097152,0.000694842,0.000465276,0.000781536,0.000700582,0.000764847
1,2097152,0.000612727,0.000591216,0.000657861,0.000609106,0.000629227
1,2097152,0.000649319,0.000582226,0.000754499,0.000625813,0.000619256
1,2097152,0.000605479,0.000590486,0.00062624,0.000604294,0.000602345
1,2097152,0.000614325,0.000589605,0.000638004,0.000613523,0.000609499
1,2097152,0.000608201,0.000582061,0.0006314,0.000607415,0.000582061
1,2097152,0.000646643,0.000547846,0.000736838,0.000649227,0.000674554
1,2097152,0.000605342,0.000591793,0.00062073,0.000605045,0.000611236
1,2097152,0.000606448,0.000591064,0.000632019,0.000605024,0.000601955
1,2097152,0.000606541,0.000591335,0.00062895,0.000606016,0.000593363
1,2097152,0.000615248,0.000595478,0.000638005,0.000612977,0.000612805
1,2097152,0.000608257,0.000583563,0.000637971,0.000607485,0.000594838
1,2097152,0.00060382,0.000585866,0.000629806,0.00060387,0.00061092
1,2097152,0.000606784,0.000593911,0.000630565,0.000606052,0.000610575
1,2097152,0.0006026,0.00058657,0.000615241,0.000603328,0.00058657
1,2097152,0.000609463,0.000589945,0.000632522,0.000608641,0.000598444
1,2097152,0.000628844,0.000547833,0.000694957,0.000623251,0.000603696
1,2097152,0.000607208,0.000592273,0.000625945,0.000607341,0.000599757
1,2097152,0.00073821,0.000489445,0.000845316,0.000740056,0.000619096
1,2097152,0.000600906,0.000585222,0.000621487,0.000601598,0.000585222
1,2097152,0.000612187,0.000592041,0.000639403,0.000609151,0.000592041
1,2097152,0.000605052,0.000590537,0.000618936,0.000605201,0.000607163
1,2097152,0.000605929,0.000591243,0.00062216,0.000606224,0.000605331
1,2097152,0.000602708,0.000583643,0.000620834,0.000602003,0.000600258
1,2097152,0.000669758,0.000470135,0.000749597,0.000668419,0.000620321
1,2097152,0.000624942,0.000577821,0.000677492,0.000610665,0.000616922
1,2097152,0.000658641,0.000552874,0.000733175,0.000656635,0.000664426
1,2097152,0.000605887,0.000588303,0.000625104,0.000605146,0.000614804
1,2097152,0.000603995,0.000588822,0.00062407,0.000603573,0.000604434
1,2097152,0.00060367,0.000583216,0.000634822,0.00060403,0.000609755
1,2097152,0.000601509,0.000578132,0.00062676,0.000602322,0.000620704
1,2097152,0.000620942,0.000593132,0.000680753,0.000616811,0.000604148
1,2097152,0.000660977,0.000564042,0.000708777,0.000669906,0.000617278
1,2097152,0.000728617,0.000566824,0.000888996,0.000731345,0.000762921
1,2097152,0.000605648,0.000590209,0.000622877,0.000605995,0.000608296
1,2097152,0.000624679,0.000580394,0.000658618,0.000629468,0.000614821
1,2097152,0.000602974,0.000585754,0.000617757,0.000602803,0.000593003
1,2097152,0.000608947,0.000586553,0.000636501,0.00060762,0.000591918
1,2097152,0.000623894,0.000590852,0.000718545,0.000608104,0.000661376
1,2097152,0.000603799,0.000586295,0.00062016,0.000603447,0.000619464
1,2097152,0.000608135,0.000588837,0.000635044,0.000607508,0.000605462
1,2097152,0.000659862,0.000588216,0.000864825,0.000627085,0.000589273
1,2097152,0.000611166,0.000589874,0.000635922,0.00060932,0.000602257
1,2097152,0.000608501,0.000585254,0.000644188,0.000605186,0.000589176
1,2097152,0.000601203,0.000588159,0.000614955,0.000600949,0.000602063
1,2097152,0.000603462,0.000586675,0.000624101,0.000602574,0.000609935
1,2097152,0.000639167,0.000571787,0.000790499,0.000612847,0.000721942
1,2097152,0.000608323,0.000588981,0.000632125,0.000608734,0.000608214
1,2097152,0.000602709,0.000584074,0.000619732,0.000603606,0.000606673
1,2097152,0.000625204,0.00057538,0.000657252,0.000629913,0.000647008
1,2097152,0.000610822,0.000555713,0.000673697,0.000604975,0.000585183
1,2097152,0.000602772,0.000586414,0.000624724,0.000602524,0.000586414
1,2097152,0.000601679,0.000583931,0.00062053,0.000601961,0.00061229
1,2097152,0.000603355,0.000587272,0.000626509,0.000601904,0.000590927
1,2097152,0.000707069,0.000552015,0.000803771,0.000706751,0.000662234
1,2097152,0.000603521,0.000587601,0.000622513,0.000603756,0.000622513
1,2097152,0.000629905,0.000581803,0.000680191,0.000637552,0.00063706
1,2097152,0.000603198,0.000584555,0.000618554,0.000603025,0.000598798
1,2097152,0.000614638,0.000578198,0.00064298,0.000618906,0.000586063
1,2097152,0.000600657,0.000588349,0.000622449,0.000599547,0.000589177
1,2097152,0.000603205,0.000587696,0.000630118,0.000601878,0.000595299
1,2097152,0.000605648,0.00059075,0.00062686,0.000605523,0.00060048
1,2097152,0.000606848,0.000583925,0.000654785,0.000603779,0.000631667
1,2097152,0.000625,0.000595603,0.000689262,0.000619366,0.000610197
1,2097152,0.000630212,0.000548049,0.000718562,0.000613229,0.000706568
1,2097152,0.000631302,0.000580091,0.000682411,0.000633516,0.000637247
1,2097152,0.00063729,0.000585506,0.000685554,0.00064293,0.000644109
1,2097152,0.0006051,0.000590015,0.000634991,0.000604456,0.000598559
1,2097152,0.000604613,0.000589268,0.000631221,0.0006042,0.000589341
1,2097152,0.000603368,0.000591089,0.000624998,0.00060334,0.000597426
1,2097152,0.000626087,0.000589046,0.000734412,0.00060522,0.000661012
1,2097152,0.000602629,0.000578753,0.000625631,0.000602544,0.000590614
1,2097152,0.000605564,0.000589997,0.000622491,0.000606421,0.000603407
1,2097152,0.000611117,0.000576242,0.00063348,0.000610709,0.000605664
1,2097152,0.000627971,0.000507412,0.000688604,0.000632996,0.000626649
1,2097152,0.000606694,0.000587796,0.000632977,0.000605376,0.000628647
1,2097152,0.000601948,0.000587934,0.000619553,0.000601554,0.000587934
1,2097152,0.000605123,0.000591797,0.000628654,0.000605034,0.000595947
1,2097152,0.000603512,0.00058505,0.000620615,0.000603857,0.000618366
1,2097152,0.000615716,0.000592769,0.000681243,0.000610695,0.000603853
1,2097152,0.000605955,0.00058873,0.000623933,0.000605773,0.000613231
1,2097152,0.000626691,0.000499745,0.000724596,0.000619229,0.000623562
1,2097152,0.000601052,0.000586354,0.000626033,0.000601137,0.000590511
1,2097152,0.000637867,0.000579758,0.000687497,0.000659375,0.000592276
1,2097152,0.000604008,0.000589075,0.000617487,0.000605,0.000606047
1,2097152,0.000604629,0.00058114,0.000623647,0.000603805,0.000598501
1,2097152,0.00075981,0.000470411,0.000842677,0.00076629,0.000706431
1,2097152,0.000603796,0.000581919,0.000640537,0.000603893,0.000605599
1,2097152,0.00060546,0.000587176,0.000632915,0.000604715,0.000607604
1,2097152,0.000648528,0.000586361,0.000718956,0.000664045,0.000592667
1,2097152,0.000606453,0.000584477,0.000635134,0.00060484,0.000605627
1,2097152,0.000609223,0.000585305,0.000630404,0.000606933,0.000601255
1,2097152,0.000601297,0.00058622,0.000619059,0.000601008,0.00059011
1,2097152,0.000611609,0.000582909,0.000661896,0.000604485,0.000587619
1,2097152,0.000607702,0.000586297,0.000669913,0.000604459,0.000614748
1,2097152,0.000613655,0.000590713,0.000647945,0.00061081,0.000603568
1,2097152,0.000605895,0.000588807,0.000636161,0.000604113,0.00059745
1,2097152,0.000601158,0.000585874,0.000622276,0.00060062,0.000592522
1,2097152,0.000636224,0.00053716,0.000686003,0.000639794,0.000606059
1,2097152,0.000607512,0.000590273,0.000642264,0.000606641,0.000598652
1,2097152,0.000606935,0.000587463,0.000633116,0.000604541,0.000599522
1,2097152,0.000611338,0.000585321,0.000642851,0.000609733,0.000627197
1,2097152,0.000627759,0.000537301,0.000676472,0.000622834,0.000665034
1,2097152,0.000604202,0.000593312,0.000617343,0.000604442,0.000607546
1,2097152,0.000639918,0.00057842,0.000679348,0.000658253,0.000589447
1,2097152,0.000605742,0.000588989,0.000627182,0.000604567,0.000595276
1,2097152,0.000623895,0.0005755,0.000692314,0.000621653,0.000633295
1,2097152,0.00060398,0.000584723,0.000627083,0.000604883,0.000606104
1,2097152,0.00060367,0.00059069,0.000620584,0.000603282,0.000599407
1,2097152,0.000610549,0.000591141,0.000633996,0.000609331,0.000615126
1,2097152,0.000619546,0.000580856,0.000759469,0.000601872,0.00070529
1,2097152,0.000603623,0.000584923,0.000620227,0.000603311,0.000605296
1,2097152,0.000600708,0.000585649,0.000619033,0.00060033,0.000588128
1,2097152,0.000614172,0.000574818,0.000654278,0.000612212,0.000618958
1,2097152,0.000633396,0.000584478,0.000759997,0.00061569,0.000594739
1,2097152,0.000601492,0.000587698,0.000620947,0.000601261,0.000596228
1,2097152,0.000602405,0.000588544,0.000620576,0.000601789,0.000592854
1,2097152,0.000611824,0.000541457,0.000663699,0.000607039,0.000648051
1,2097152,0.00061395,0.000590487,0.000658976,0.000609049,0.000639016
1,2097152,0.000601893,0.000586528,0.000621068,0.000602044,0.000602167
1,2097152,0.000633314,0.000580339,0.000748563,0.000612271,0.000649522
1,2097152,0.000609748,0.000585961,0.000648026,0.000608133,0.000610867
1,2097152,0.000602879,0.000588294,0.000638742,0.000601596,0.000601747
1,2097152,0.00063364,0.000526785,0.000678439,0.000639095,0.000674989
1,2097152,0.000602744,0.000587878,0.000619641,0.000603112,0.000598385
1,2097152,0.000608113,0.000588185,0.000641979,0.000604474,0.000635865
1,2097152,0.000603989,0.000581701,0.000626988,0.000603169,0.000585944
1,2097152,0.000640684,0.000540952,0.000712192,0.000636583,0.000576762
1,2097152,0.000665578,0.000521351,0.000780643,0.000662823,0.000644439
1,2097152,0.000623883,0.000583064,0.000685576,0.000623548,0.000592062
1,2097152,0.000675994,0.000539386,0.000763765,0.000675057,0.000664279
1,2097152,0.000601954,0.000589549,0.000613017,0.000601725,0.000593048
1,2097152,0.000602828,0.00058435,0.000620715,0.00060183,0.000585234
1,2097152,0.00060523,0.000589194,0.000629419,0.000605612,0.000598149
1,2097152,0.000613036,0.000579639,0.000664447,0.000607728,0.000605485
1,2097152,0.000612918,0.000591304,0.000638663,0.00061301,0.000607848
1,2097152,0.000601273,0.000584463,0.000614736,0.000602081,0.000606056
1,2097152,0.000611366,0.000565823,0.000629981,0.000613163,0.000602903
1,2097152,0.000724687,0.000524123,0.000822386,0.00072693,0.000674877
1,2097152,0.000601003,0.000587801,0.000627618,0.000600615,0.000590665
1,2097152,0.000603719,0.000586461,0.000632208,0.00060299,0.000604235
1,2097152,0.000601122,0.000586837,0.000617048,0.000601536,0.000605828
1,2097152,0.00060367,0.000585484,0.000651712,0.000602292,0.000605298
1,2097152,0.000602937,0.000582368,0.000625645,0.000602865,0.000594585
1,2097152,0.000600655,0.000586264,0.000619268,0.000601143,0.000601213
1,2097152,0.000650578,0.000589105,0.000862686,0.000620298,0.000630521
1,2097152,0.000688353,0.00047034,0.000793214,0.000692359,0.000669572
1,2097152,0.000638854,0.000556024,0.000694172,0.000640736,0.000668235
1,2097152,0.000604372,0.00058634,0.00061521,0.000606321,0.000609388
1,2097152,0.000605149,0.000589324,0.000631304,0.000604298,0.000624265
1,2097152,0.000627165,0.000582324,0.000723785,0.000608718,0.000601064
1,2097152,0.000608938,0.00059483,0.000626151,0.000608338,0.000605981
1,2097152,0.000606213,0.000584941,0.000642307,0.000604695,0.000600691
1,2097152,0.000601904,0.000588499,0.000616703,0.000602168,0.000610534
1,2097152,0.000603719,0.000589812,0.000624677,0.000603449,0.000609355
1,2097152,0.000602615,0.00058833,0.000617212,0.000603455,0.000599663
1,2097152,0.000602879,0.000585029,0.000632374,0.00060289,0.000598572
1,2097152,0.000601449,0.000584084,0.0006151,0.00060167,0.000612741
1,2097152,0.0006036,0.000584045,0.000626093,0.000603409,0.000592229
1,2097152,0.000604261,0.000584955,0.000630917,0.00060325,0.000589906
1,2097152,0.000602664,0.000584341,0.00061362,0.000603322,0.000598271
1,2097152,0.000605858,0.000592338,0.000623046,0.000606064,0.000595935
1,2097152,0.000606137,0.000554462,0.000643347,0.000605288,0.000594818
1,2097152,0.000616211,0.000589361,0.000649029,0.000617041,0.000642365
1,2097152,0.000603718,0.000581898,0.000623634,0.000604082,0.000591922
1,2097152,0.000641196,0.000519649,0.00072364,0.000633245,0.000597392
1,2097152,0.000656808,0.000515816,0.000753845,0.000653124,0.000700801
1,2097152,0.000608122,0.000589056,0.000634222,0.000606703,0.000603047
1,2097152,0.000628245,0.000564641,0.00066127,0.000631901,0.000621166
1,2097152,0.000607673,0.000585676,0.000629883,0.000606758,0.00059294
1,2097152,0.000617294,0.000585482,0.00065402,0.000613098,0.000605483
1,2097152,0.000607639,0.000587871,0.000633631,0.000606922,0.000597653
1,2097152,0.000606484,0.000584633,0.000638569,0.000605963,0.000608598
1,2097152,0.0006078,0.000587465,0.000628435,0.000606292,0.000615572
1,2097152,0.000638753,0.000588981,0.000775818,0.000607722,0.000688024
1,2097152,0.000609681,0.00059237,0.000635795,0.000608016,0.000628873
1,2097152,0.00060506,0.000578654,0.000635963,0.000604041,0.000597313
1,2097152,0.000606141,0.0005921,0.000625317,0.000606434,0.000611997
1,2097152,0.000613397,0.000585002,0.000640515,0.000614249,0.000597197
1,2097152,0.000615438,0.000555676,0.000674651,0.000609826,0.000640852
1,2097152,0.000603413,0.000587805,0.000616669,0.000603995,0.000601399
1,2097152,0.000602406,0.000584647,0.00061999,0.000602275,0.000584647
1,2097152,0.000604593,0.000590858,0.000620488,0.000605041,0.000597416
1,2097152,0.000615777,0.000551409,0.000650251,0.000614947,0.000633932
1,2097152,0.0006036,0.000586259,0.000624338,0.0006033,0.000591653
1,2097152,0.000602132,0.000586509,0.000616954,0.000603241,0.000589649
1,2097152,0.00060573,0.000589228,0.000629129,0.000604796,0.000592163
1,2097152,0.000605955,0.000587516,0.000630385,0.000606011,0.000609693
1,2097152,0.000602335,0.000586701,0.000619236,0.000604445,0.000608184
1,2097152,0.000602569,0.000587647,0.000616299,0.000602524,0.000597356
1,2097152,0.00060777,0.000581938,0.000636779,0.000606277,0.000603733
1,2097152,0.000623629,0.000592289,0.000686022,0.000613266,0.000601687
1,2097152,0.000600422,0.000582929,0.000618326,0.000600678,0.000598729
1,2097152,0.000603349,0.000588696,0.000621438,0.000602981,0.000602199
1,2097152,0.000636758,0.000577634,0.000708722,0.000632435,0.000654406
1,2097152,0.000610051,0.000586407,0.000642827,0.000608439,0.000636531
1,2097152,0.000612194,0.000583473,0.000639619,0.000610581,0.000615107
1,2097152,0.000603803,0.000584131,0.000621364,0.000603637,0.000602844
1,2097152,0.000606491,0.000590148,0.000629691,0.000605788,0.000590148
1,2097152,0.000623775,0.000588347,0.00074324,0.000606226,0.000666647
1,2097152,0.000610654,0.00057973,0.000641339,0.000606185,0.000620833
1,2097152,0.000819586,0.000473707,0.000919457,0.000840197,0.000724381
1,2097152,0.000608439,0.000593812,0.00063455,0.000607053,0.000599454
1,2097152,0.000602716,0.000587817,0.000617165,0.00060301,0.00060564
1,2097152,0.000666792,0.000577648,0.000775469,0.000652543,0.000601805
1,2097152,0.000640722,0.000589718,0.000788487,0.000609465,0.000599981
1,2097152,0.000694038,0.000590253,0.000854727,0.000661992,0.000700032
1,2097152,0.000610174,0.000579699,0.00063327,0.000609202,0.000617622
1,2097152,0.000606554,0.000584789,0.000638986,0.000605716,0.000628057
1,2097152,0.000624118,0.000586416,0.000654757,0.000629679,0.000638803
1,2097152,0.000626779,0.000574671,0.000656834,0.000630897,0.000641152
1,2097152,0.000605876,0.000583282,0.000653818,0.000603104,0.000605286
1,2097152,0.00060413,0.000581838,0.000632362,0.000604527,0.000594949
1,2097152,0.000611962,0.000585498,0.000647626,0.000611569,0.000634858
1,2097152,0.000622792,0.000584484,0.000719628,0.000608621,0.000656411
1,2097152,0.000611086,0.000590545,0.000632721,0.00060969,0.000609555
1,2097152,0.000610057,0.000587827,0.000643976,0.000607316,0.000602359
1,2097152,0.000627333,0.000583199,0.000656771,0.000636997,0.000629182
1,2097152,0.000605171,0.00059174,0.000621273,0.000605699,0.000600003
1,2097152,0.000609801,0.000581732,0.000634754,0.000608119,0.000598061
1,2097152,0.000607622,0.000591713,0.000629998,0.000605493,0.000598269
1,2097152,0.000730401,0.000463678,0.0008301,0.000742338,0.000594661
1,2097152,0.000624535,0.000582841,0.000728023,0.000607189,0.000653328
1,2097152,0.000611339,0.000586891,0.000634437,0.000610509,0.000617141
1,2097152,0.000606064,0.000585798,0.000637672,0.000605209,0.000612453
1,2097152,0.000604421,0.000580758,0.000634072,0.000603297,0.000588667
1,2097152,0.00060566,0.00057466,0.000635381,0.000605266,0.000607558
1,2097152,0.000607064,0.000590272,0.000631612,0.000604769,0.000596869
1,2097152,0.00060299,0.000588264,0.000624916,0.000603416,0.000611855
1,2097152,0.000602656,0.000584801,0.000624158,0.000602208,0.000594826
1,2097152,0.000645275,0.00049858,0.000716861,0.000650498,0.00062816
1,2097152,0.000607496,0.000592879,0.000629658,0.00060673,0.000599447
1,2097152,0.000602499,0.000585518,0.000625896,0.000602741,0.000602135
1,2097152,0.000626774,0.0005698,0.000670451,0.00062894,0.000603044
1,2097152,0.00062667,0.000587735,0.000775403,0.000604488,0.000596785
1,2097152,0.000602629,0.000585866,0.00062454,0.000602336,0.000596216
1,2097152,0.000609973,0.000594068,0.000628993,0.000609473,0.000599043
1,2097152,0.000600532,0.000579604,0.000619373,0.000599879,0.000586243
1,2097152,0.000621686,0.000585694,0.000752455,0.000602693,0.000697407
1,2097152,0.000601464,0.000581648,0.000620668,0.000601307,0.000605408
1,2097152,0.00060307,0.000580689,0.000624098,0.00060296,0.000603994
1,2097152,0.000609659,0.000575547,0.000657047,0.00060678,0.000649476
1,2097152,0.000634926,0.00057757,0.000708155,0.000627311,0.000627999
1,2097152,0.000602275,0.000585271,0.000621876,0.000602682,0.000612412
1,2097152,0.00060078,0.000583491,0.000616582,0.000600078,0.000598558
1,2097152,0.000604161,0.00058528,0.000629388,0.000603326,0.000607253
1,2097152,0.000600563,0.000586798,0.000617535,0.000600508,0.000610413
1,2097152,0.000599692,0.000583246,0.000614945,0.000599743,0.000596498
1,2097152,0.000632186,0.000587099,0.000720665,0.000623058,0.000624417
1,2097152,0.000604116,0.000580722,0.000641365,0.00060501,0.000597829
1,2097152,0.000639758,0.000553359,0.000747632,0.000629835,0.000634966
1,2097152,0.000696849,0.000507757,0.000754609,0.000705533,0.000703675
1,2097152,0.000604325,0.000590012,0.000618501,0.000603251,0.000593775
1,2097152,0.00060449,0.000588755,0.000631144,0.000603661,0.000590314
1,2097152,0.00064306,0.000541469,0.000707311,0.000641737,0.000594142
1,2097152,0.000603411,0.00058803,0.000621634,0.00060296,0.000590116
1,2097152,0.000603338,0.000587867,0.00062035,0.000603006,0.000591709
1,2097152,0.000628354,0.000574589,0.000731436,0.00061994,0.000632981
1,2097152,0.000605645,0.000589745,0.000621295,0.00060742,0.000614816
1,2097152,0.000602352,0.000584336,0.000619268,0.000602367,0.000610744
1,2097152,0.00060484,0.000587487,0.00062874,0.000603548,0.00062874
1,2097152,0.000603061,0.000587567,0.000614914,0.00060321,0.000598749
1,2097152,0.000606412,0.000583827,0.000643049,0.000605834,0.000624529
1,2097152,0.000608437,0.000582375,0.000638338,0.000607527,0.000614756
1,2097152,0.000601601,0.000579983,0.000618499,0.000602046,0.000609324
1,2097152,0.000616502,0.000590339,0.000659268,0.000611743,0.000616731
1,2097152,0.000628852,0.000540162,0.00068952,0.000618905,0.000593914
1,2097152,0.000606885,0.000588476,0.00064772,0.000604632,0.000605053
1,2097152,0.000600746,0.000589522,0.000615345,0.000600681,0.000612112
1,2097152,0.000599147,0.000576101,0.000621459,0.000599092,0.000611845
1,2097152,0.000788115,0.000523935,0.000858972,0.000810772,0.000658863
1,2097152,0.000604819,0.000591179,0.000620426,0.000604671,0.000600074
1,2097152,0.000601455,0.000583712,0.000624022,0.000600617,0.000602681
1,2097152,0.000602441,0.000581829,0.000618541,0.000603147,0.000605259
1,2097152,0.00060146,0.000580017,0.000617963,0.000603544,0.000610419
1,2097152,0.000605246,0.000589992,0.000626769,0.000603858,0.000604677
1,2097152,0.000604031,0.000587163,0.000620988,0.000603124,0.000590461
1,2097152,0.000629359,0.000539581,0.000687407,0.000624176,0.000674922
1,2097152,0.000613054,0.000588067,0.000692587,0.000603047,0.000620267
1,2097152,0.000609199,0.000576177,0.000633661,0.000607609,0.000616496
1,2097152,0.000603584,0.000586542,0.000625767,0.00060388,0.000610694
1,2097152,0.000610185,0.000578189,0.000641909,0.000609031,0.000624835
1,2097152,0.000763909,0.000478175,0.00092118,0.000765824,0.000565921
1,2097152,0.000602037,0.000580781,0.000629418,0.000599443,0.000590708
1,2097152,0.000601897,0.000587002,0.000630372,0.000599994,0.00058859
1,2097152,0.000600914,0.00057904,0.000629922,0.000600518,0.000591616
1,2097152,0.000604536,0.000583173,0.000643115,0.000602661,0.000597069
1,2097152,0.000608797,0.000591308,0.000658565,0.000604173,0.000595464
1,2097152,0.000599178,0.000586121,0.000613621,0.000599339,0.000596543
1,2097152,0.000608661,0.000587529,0.000639834,0.000607489,0.000593647
1,2097152,0.000598055,0.000580062,0.000613733,0.000597805,0.000597274
1,2097152,0.000624972,0.000579581,0.000660975,0.000624164,0.00064895
1,2097152,0.000607885,0.000581821,0.000641865,0.000605696,0.000604812
1,2097152,0.000601638,0.000584769,0.000624361,0.000601387,0.000612865
1,2097152,0.00077724,0.000503784,0.000912795,0.000799235,0.000717611
1,2097152,0.000603888,0.000578622,0.000624894,0.000604835,0.000594145
1,2097152,0.000602575,0.000579515,0.000623722,0.000603105,0.000579515
1,2097152,0.000607887,0.000589262,0.000630017,0.000606996,0.000605284
1,2097152,0.000603203,0.000585176,0.00062052,0.000603435,0.00062052
1,2097152,0.00060513,0.000588187,0.000624343,0.000605661,0.000590898
1,2097152,0.000601171,0.000578738,0.000619262,0.000601584,0.00060285
1,2097152,0.000605778,0.000590376,0.000631621,0.000604347,0.000606067
1,2097152,0.000615323,0.000583749,0.000678183,0.000608812,0.000607677
1,2097152,0.000604195,0.000577003,0.000625541,0.000603436,0.000603193
1,2097152,0.000603548,0.000585771,0.000635613,0.000601632,0.000605204
1,2097152,0.000601629,0.000590047,0.000614565,0.000602867,0.000600615
1,2097152,0.000613781,0.00058509,0.000640823,0.000614044,0.000625039
1,2097152,0.000602835,0.000585262,0.000616297,0.000603992,0.000602531
1,2097152,0.000606707,0.000591575,0.000626006,0.000606495,0.00060229
1,2097152,0.000604384,0.000587663,0.000625061,0.000604212,0.000602278
1,2097152,0.000605508,0.000593639,0.000624838,0.000604883,0.00060553
1,2097152,0.000606127,0.000588734,0.000646787,0.000603137,0.000612236
1,2097152,0.000656588,0.000500779,0.000742239,0.000651038,0.000597879
1,2097152,0.000637476,0.000586185,0.000748593,0.000622849,0.000607664
1,2097152,0.000600782,0.000587156,0.000617873,0.000601045,0.000605795
1,2097152,0.00060453,0.000580554,0.000633177,0.000603861,0.000593819
1,2097152,0.000599547,0.000579664,0.000616502,0.000599772,0.000597382
1,2097152,0.000603801,0.000585741,0.000620959,0.000604096,0.00060408
1,2097152,0.000601362,0.000584782,0.000614374,0.000601973,0.000611914
1,2097152,0.000607658,0.000588123,0.000633043,0.000606012,0.000631855
1,2097152,0.000602568,0.000580389,0.000621371,0.000601755,0.000591388
1,2097152,0.000604522,0.000577172,0.000645123,0.000603121,0.000605508
1,2097152,0.000603732,0.000579004,0.000630964,0.000603057,0.000593241
1,2097152,0.000604035,0.000587415,0.000620579,0.000603379,0.000601592
1,2097152,0.000607949,0.000592257,0.000632393,0.000606971,0.000603765
1,2097152,0.000606294,0.000586961,0.000635245,0.000604216,0.000613221
1,2097152,0.000598596,0.000578204,0.000612714,0.000598674,0.00058981
1,2097152,0.000603049,0.000589862,0.000620691,0.000603563,0.000600539
1,2097152,0.000601778,0.000582445,0.000615901,0.000602626,0.000602821
1,2097152,0.000602543,0.000587955,0.000617855,0.000603883,0.000608689
1,2097152,0.000603288,0.00058762,0.00062114,0.000602834,0.000616933
1,2097152,0.000612404,0.000557211,0.000660968,0.000609323,0.000654428
1,2097152,0.000604292,0.000584685,0.000631813,0.000602421,0.000590283
1,2097152,0.000643404,0.000520127,0.000745524,0.000638762,0.000600852
1,2097152,0.00060186,0.000585851,0.000623911,0.000601845,0.000588931
1,2097152,0.000634691,0.000586207,0.000737017,0.000614904,0.000591173
1,2097152,0.000608577,0.000589774,0.000633795,0.000606968,0.000596493
1,2097152,0.000603096,0.000583194,0.000620631,0.000603756,0.000599964
1,2097152,0.000607365,0.000588275,0.000627971,0.000606588,0.000618034
1,2097152,0.000607036,0.000588545,0.000637164,0.000605652,0.000595715
1,2097152,0.000608293,0.000592522,0.000635731,0.00060688,0.000615841
1,2097152,0.000613799,0.000589611,0.000673329,0.000608145,0.000605196
1,2097152,0.00063005,0.000589284,0.000733383,0.000608193,0.000649492
1,2097152,0.000664357,0.000586878,0.000790411,0.000647357,0.000586878
1,2097152,0.000606496,0.000587698,0.000635036,0.000605271,0.000608179
1,2097152,0.000604316,0.000581661,0.000634236,0.00060331,0.000581661
1,2097152,0.000605645,0.000584752,0.000636958,0.000604843,0.000633575
1,2097152,0.000603621,0.000586843,0.000616559,0.000603446,0.000592743
1,2097152,0.000605775,0.000591771,0.000621041,0.000605314,0.000591771
1,2097152,0.000611097,0.000590884,0.000636797,0.000608348,0.000612909
1,2097152,0.000607507,0.000584608,0.000636556,0.000606677,0.000607128
1,2097152,0.000640932,0.000585757,0.00074402,0.000608502,0.000608776
1,2097152,0.000605002,0.000586269,0.000638817,0.000604481,0.000611199
1,2097152,0.000605843,0.000580044,0.000635943,0.000605124,0.000610659
1,2097152,0.00060699,0.000590863,0.000628435,0.000606433,0.000600851
1,2097152,0.000613132,0.000578074,0.000660294,0.000608423,0.000660294
1,2097152,0.000606131,0.000585342,0.000639187,0.000605028,0.000614989
1,2097152,0.000601191,0.000572441,0.000611665,0.000602772,0.000603105
1,2097152,0.000608198,0.000588797,0.000637913,0.000606857,0.000604938
1,2097152,0.000637645,0.000595829,0.000755342,0.000613133,0.000629176
1,2097152,0.00063186,0.000594667,0.000720613,0.000614157,0.000600407
1,2097152,0.000602664,0.000588522,0.000619884,0.000602253,0.000610239
1,2097152,0.000605542,0.00059248,0.000619746,0.000605103,0.000607868
1,2097152,0.00061535,0.000587411,0.000641081,0.000617845,0.000599492
1,2097152,0.000617222,0.00058615,0.00064902,0.000612615,0.000593759
1,2097152,0.000605075,0.000588582,0.000633378,0.000604111,0.000593837
1,2097152,0.000612051,0.000583397,0.000638878,0.000610485,0.000597679
1,2097152,0.000635145,0.000586315,0.000729767,0.000630225,0.000718287
1,2097152,0.000627012,0.000591039,0.000703171,0.000616002,0.000601322
1,2097152,0.000616598,0.000581715,0.000639641,0.000621924,0.000633961
1,2097152,0.000622931,0.000567518,0.000665217,0.000621395,0.000573204
1,2097152,0.000608096,0.000589666,0.000638256,0.000607514,0.000633611
1,2097152,0.0006881,0.00056978,0.000783157,0.000673037,0.000610973
1,2097152,0.000603336,0.000585313,0.000620163,0.0006042,0.000596915
1,2097152,0.000604437,0.000589985,0.000618539,0.000605944,0.000608373
1,2097152,0.000667732,0.000588099,0.000813365,0.000614034,0.000688301
1,2097152,0.00062602,0.000594701,0.000716005,0.000615763,0.000611108
1,2097152,0.000610063,0.000593818,0.000631613,0.000610581,0.00060614
1,2097152,0.000602898,0.000582922,0.000626188,0.000601775,0.000595845
1,2097152,0.000606214,0.000587459,0.000633526,0.000604664,0.000619057
1,2097152,0.000622196,0.000577915,0.000667808,0.00063046,0.0006251
1,2097152,0.000609661,0.000585922,0.000631225,0.000609202,0.000595499
1,2097152,0.000601683,0.000584628,0.000614576,0.000602547,0.000604855
1,2097152,0.000607165,0.000592315,0.000654397,0.000604033,0.000652158
1,2097152,0.000622976,0.000589556,0.00069033,0.000615692,0.000589556
1,2097152,0.00060165,0.000586451,0.000619478,0.00060069,0.000598542
1,2097152,0.000648133,0.000588169,0.00082008,0.000606733,0.000595153
1,2097152,0.000602588,0.000590223,0.00061608,0.000602378,0.00060271
1,2097152,0.000604326,0.000585296,0.000627741,0.000605558,0.000595743
1,2097152,0.000603226,0.000581415,0.00063104,0.000602835,0.000587441
1,2097152,0.000604788,0.00058855,0.000630855,0.000604189,0.000602695
1,2097152,0.000639778,0.000577421,0.000732121,0.000630582,0.000684512
1,2097152,0.000607258,0.000589514,0.000636851,0.000605433,0.000606598
1,2097152,0.000602532,0.000587325,0.00061683,0.000603883,0.000605756
1,2097152,0.000612094,0.000573148,0.000631093,0.000613851,0.000605303
1,2097152,0.000607934,0.000572433,0.000644904,0.00060676,0.000592003
1,2097152,0.000628674,0.000574448,0.000677838,0.00063347,0.000642876
1,2097152,0.000603874,0.000582651,0.000618991,0.000604543,0.000606896
1,2097152,0.000604611,0.000584635,0.000627208,0.000604392,0.000606632
1,2097152,0.000611737,0.000589384,0.000657341,0.000608771,0.000601238
1,2097152,0.000615699,0.0005935,0.000642352,0.000613248,0.0006162
1,2097152,0.000635896,0.000582054,0.000702083,0.000620906,0.000608762
1,2097152,0.000604022,0.000588091,0.000618038,0.000605045,0.000597278
1,2097152,0.000618759,0.000548912,0.000670194,0.000616947,0.000630755
1,2097152,0.000646944,0.000558897,0.000714114,0.000651807,0.000629897
1,2097152,0.000609235,0.000590246,0.00062736,0.000609816,0.00060855
1,2097152,0.000606669,0.000589392,0.000633765,0.000605596,0.000597265
1,2097152,0.00060626,0.000590679,0.000626016,0.000606587,0.00060221
1,2097152,0.000607048,0.000586865,0.00063269,0.000606246,0.000600313
1,2097152,0.000615846,0.000582403,0.000656384,0.000611553,0.000646458
1,2097152,0.000666434,0.000588342,0.000873746,0.000631614,0.000634644
1,2097152,0.000613956,0.000594553,0.000630256,0.000612576,0.00061631
1,2097152,0.00060925,0.00059405,0.000629288,0.00060929,0.000610686
1,2097152,0.000606024,0.000592856,0.000626154,0.000605308,0.00060364
1,2097152,0.000609487,0.00059196,0.000631953,0.000609144,0.000603109
1,2097152,0.000603516,0.000588954,0.000621923,0.000605302,0.000605807
1,2097152,0.000609387,0.00058701,0.000634648,0.000608181,0.00060837
1,2097152,0.000604487,0.000581663,0.000616474,0.000605089,0.000608971
1,2097152,0.000643164,0.000589283,0.000724927,0.000629618,0.000597692
1,2097152,0.000664516,0.000458204,0.000796754,0.00065593,0.000688678
1,2097152,0.000607295,0.000587537,0.000633685,0.000606387,0.000633685
1,2097152,0.000602652,0.000585575,0.000624075,0.000602989,0.000615242
1,2097152,0.000688085,0.000477921,0.000758205,0.00069799,0.000659056
1,2097152,0.000604357,0.000588288,0.000622427,0.00060457,0.000613358
1,2097152,0.000603679,0.000591834,0.000620761,0.000603845,0.000605608
1,2097152,0.000607405,0.000586759,0.000633715,0.000606084,0.000597274
1,2097152,0.000602797,0.000582332,0.000622403,0.000603298,0.000603162
1,2097152,0.000603543,0.000584188,0.000618419,0.000604553,0.000601907
1,2097152,0.000602951,0.000586263,0.000615519,0.000603764,0.000609653
1,2097152,0.000607492,0.000589929,0.000638557,0.000605805,0.000608913
1,2097152,0.000606327,0.000585261,0.000634225,0.000606693,0.000603527
1,2097152,0.000633219,0.0005938,0.000730733,0.00061843,0.000642632
1,2097152,0.000637684,0.000588241,0.000757712,0.000608737,0.000607694
1,2097152,0.000615,0.000587862,0.000642437,0.000612609,0.000626991
1,2097152,0.000603247,0.000584019,0.000619747,0.000602876,0.000604572
1,2097152,0.000609584,0.000594557,0.000638593,0.000607547,0.000635558
1,2097152,0.000602174,0.000580545,0.000621291,0.000602475,0.000621291
1,2097152,0.00065911,0.000551294,0.000698891,0.000666736,0.000642784
1,2097152,0.000699389,0.00047634,0.000800289,0.000700498,0.00059647
1,2097152,0.000602194,0.000588953,0.000617141,0.000602591,0.000593762
1,2097152,0.000604285,0.000586204,0.000622954,0.000604392,0.000596331
1,2097152,0.000676655,0.000584456,0.000814106,0.000639816,0.000587418
1,2097152,0.000604973,0.000585293,0.000626668,0.000604895,0.000586156
1,2097152,0.000623196,0.00053555,0.000673294,0.000618387,0.000665292
1,2097152,0.000604466,0.000589877,0.000622804,0.000604587,0.000589877
1,2097152,0.000604415,0.000587918,0.000635497,0.000604005,0.000602679
1,2097152,0.00060615,0.000589302,0.000636405,0.000605193,0.00059347
1,2097152,0.000607695,0.00059478,0.000623787,0.00060704,0.000599613
1,2097152,0.000601541,0.000586722,0.000617244,0.000600787,0.0006008
1,2097152,0.000603763,0.000579491,0.000621761,0.000603582,0.000607427
1,2097152,0.000602608,0.000572448,0.000626842,0.000602274,0.000615202
1,2097152,0.000614116,0.000583993,0.000660929,0.000604625,0.000599469
1,2097152,0.000603766,0.000586748,0.000618045,0.000603733,0.000608763
1,2097152,0.000626813,0.000539606,0.000674086,0.000630254,0.000657827
1,2097152,0.000608926,0.000588813,0.000633298,0.000605816,0.000603163
1,2097152,0.000694503,0.000588536,0.000883329,0.000620458,0.000741624
1,2097152,0.000604593,0.000586464,0.000621139,0.00060531,0.000606117
1,2097152,0.000604914,0.000590667,0.000620541,0.000605409,0.000611916
1,2097152,0.000609002,0.000589066,0.000639558,0.000607216,0.000601343
1,2097152,0.000603606,0.000585783,0.000632052,0.000603169,0.000601408
1,2097152,0.000609599,0.000594661,0.000631042,0.000607624,0.000602709
1,2097152,0.000603736,0.000583487,0.0006216,0.000604346,0.000618194
1,2097152,0.000610706,0.000595868,0.000635765,0.000607912,0.000635601
1,2097152,0.000667786,0.000542736,0.000765881,0.000666191,0.000582311
1,2097152,0.00060347,0.00058888,0.000629398,0.000603783,0.000599429
1,2097152,0.000603778,0.000590601,0.000618004,0.000603778,0.000592268
1,2097152,0.000604311,0.000587582,0.000628106,0.000603364,0.000609285
1,2097152,0.000672581,0.000568739,0.000764636,0.000676642,0.000631052
1,2097152,0.00060229,0.000580898,0.000622262,0.000603633,0.000604869
1,2097152,0.000605881,0.00059021,0.000620856,0.000607908,0.000619312
1,2097152,0.000606237,0.000580384,0.000630957,0.000605128,0.000630957
1,2097152,0.000636489,0.00059314,0.000767502,0.000613268,0.000692477
1,2097152,0.000613343,0.000586608,0.000636435,0.000609855,0.000618794
1,2097152,0.000609227,0.000592456,0.000630021,0.000609524,0.000602799
1,2097152,0.000613415,0.000591149,0.000643351,0.000612105,0.000598614
1,2097152,0.00072218,0.000484768,0.000795249,0.000735319,0.000625719
1,2097152,0.000604978,0.000592563,0.000632942,0.000603594,0.000595047
1,2097152,0.000604847,0.000578389,0.000621397,0.000605507,0.000594232
1,2097152,0.000607211,0.000590338,0.000626513,0.000606808,0.000599419
1,2097152,0.000605332,0.000587207,0.00063475,0.000604478,0.000590966
1,2097152,0.000603661,0.000586988,0.000625342,0.000603697,0.000604089
1,2097152,0.000604171,0.00058505,0.00062497,0.000602808,0.000588314
1,2097152,0.00072901,0.000516564,0.000830552,0.000733159,0.000748655
1,2097152,0.000609996,0.000590515,0.000637987,0.000608905,0.000598001
1,2097152,0.00060411,0.000586335,0.000631113,0.000603252,0.000606872
1,2097152,0.000605321,0.000581853,0.000633558,0.000605071,0.000592903
1,2097152,0.000601831,0.000582713,0.000620616,0.000601913,0.000610089
1,2097152,0.000604898,0.000589433,0.000618848,0.000604997,0.000610528
1,2097152,0.000599982,0.000579959,0.000612338,0.000601235,0.000603016
1,2097152,0.000609312,0.000565115,0.000664541,0.000606092,0.000654682
1,2097152,0.000651052,0.000578625,0.00069256,0.000669393,0.00067862
1,2097152,0.000604105,0.000590715,0.000618902,0.00060423,0.000599679
1,2097152,0.000624516,0.000574052,0.000663565,0.000635274,0.000641683
1,2097152,0.000603623,0.000588296,0.000623747,0.00060397,0.000599224
1,2097152,0.000603503,0.000586807,0.000618742,0.000603004,0.000592811
1,2097152,0.000622197,0.000544644,0.000740909,0.000609349,0.000688259
1,2097152,0.000608157,0.000581972,0.000638795,0.000607249,0.000605961
1,2097152,0.000684951,0.000543724,0.000935393,0.000661271,0.000661365
1,2097152,0.000609512,0.000586105,0.000639788,0.000608381,0.000607351
1,2097152,0.000603476,0.000581638,0.000624487,0.000604403,0.000607223
1,2097152,0.000605818,0.00057913,0.000634187,0.000605214,0.000612692
1,2097152,0.000605504,0.00058621,0.000622635,0.000605724,0.000613552
1,2097152,0.000605724,0.000588062,0.00062698,0.00060491,0.000617629
1,2097152,0.000606297,0.000583016,0.000631979,0.000606175,0.000606622
1,2097152,0.000610766,0.00059198,0.000634907,0.000608731,0.000601157
1,2097152,0.000620172,0.00056105,0.000692496,0.00061198,0.000692496
1,2097152,0.000608721,0.00059109,0.000633052,0.00060904,0.000592803
1,2097152,0.000687918,0.000486195,0.000786462,0.000692594,0.000617865
1,2097152,0.000605016,0.000589256,0.0006229,0.000604799,0.000594871
1,2097152,0.000607451,0.000586111,0.000622365,0.00060712,0.000618972
1,2097152,0.000605332,0.000590137,0.00061808,0.000605799,0.00059643
1,2097152,0.000604158,0.000586253,0.000631124,0.000604758,0.000592792
1,2097152,0.000612641,0.000590805,0.00065914,0.000609269,0.000605817
1,2097152,0.000660318,0.000579717,0.000697681,0.000678753,0.000683706
1,2097152,0.000693891,0.000588915,0.000797493,0.000694668,0.000672815
1,2097152,0.000633494,0.000584997,0.000701507,0.000627537,0.000639153
1,2097152,0.000605738,0.000589554,0.000624347,0.000605012,0.000599558
1,2097152,0.000642864,0.000590422,0.000741229,0.00062806,0.000638194
1,2097152,0.000610744,0.000589552,0.000633456,0.000609734,0.000607553
1,2097152,0.000637191,0.000585261,0.000750088,0.000614181,0.000621786
1,2097152,0.000603477,0.000585054,0.000617768,0.0006044,0.000601183
1,2097152,0.000605616,0.000588134,0.000621861,0.00060544,0.000594234
1,2097152,0.000606301,0.000583923,0.000626373,0.000606418,0.000600775
1,2097152,0.000652514,0.000584388,0.000752838,0.000650904,0.000622104
1,2097152,0.000605039,0.000585016,0.00061984,0.000606109,0.000595489
1,2097152,0.000605241,0.00059196,0.00062852,0.000603231,0.000613139
1,2097152,0.000607493,0.000592782,0.000630942,0.000607358,0.000607989
1,2097152,0.000623577,0.000562547,0.000706188,0.000610238,0.000612714
1,2097152,0.000606754,0.00058986,0.000634253,0.000606268,0.000601486
1,2097152,0.00060429,0.000587766,0.000633385,0.000603435,0.000589796
1,2097152,0.000612587,0.000581206,0.000650216,0.000613071,0.000619654
1,2097152,0.000617472,0.000585996,0.000664672,0.000610163,0.000599358
1,2097152,0.000617091,0.00053646,0.000675144,0.000610593,0.000652822
1,2097152,0.00060491,0.000587906,0.000625302,0.000604547,0.000604614
1,2097152,0.000603865,0.000590392,0.000636751,0.000603343,0.000602079
1,2097152,0.00060512,0.000581494,0.000630919,0.000604302,0.000606865
1,2097152,0.000642716,0.000586244,0.000755193,0.000615141,0.000634782
1,2097152,0.00070885,0.000385504,0.00085295,0.00070683,0.00070556
1,2097152,0.000618751,0.000578902,0.000650802,0.000618076,0.000638095
1,2097152,0.000661194,0.000500039,0.000745138,0.000660587,0.000594948
1,2097152,0.00060002,0.000583772,0.000616686,0.00060007,0.000591817
1,2097152,0.000606366,0.000588256,0.000633407,0.000605942,0.000600765
1,2097152,0.000604417,0.00058782,0.000629909,0.000603285,0.000596403
1,2097152,0.000657222,0.000488764,0.000734639,0.000666488,0.000727443
1,2097152,0.000607843,0.000586842,0.000634416,0.00060673,0.000586842
1,2097152,0.00061219,0.000588195,0.000652028,0.000608997,0.000604865
1,2097152,0.000618169,0.000576545,0.000642997,0.000623825,0.000618591
1,2097152,0.000622261,0.000551983,0.000690397,0.000616221,0.000646885
1,2097152,0.000624211,0.000576104,0.000701043,0.000613192,0.000598436
1,2097152,0.000602099,0.000588221,0.000615897,0.000601258,0.000599778
1,2097152,0.000608986,0.000592374,0.000632631,0.000608686,0.000626186
1,2097152,0.000604605,0.000588706,0.000626127,0.000605151,0.000593435
1,2097152,0.000608847,0.000581062,0.000651044,0.000606347,0.000605789
1,2097152,0.000619344,0.0005845,0.000653564,0.000621721,0.000629307
1,2097152,0.000609797,0.00058476,0.000638782,0.000611,0.000601426
1,2097152,0.00063173,0.000572407,0.000705183,0.000626754,0.00061044
1,2097152,0.000605478,0.000588183,0.000626962,0.000605614,0.000589341
1,2097152,0.000604663,0.000583562,0.000635349,0.000604131,0.000583562
1,2097152,0.000602328,0.000585642,0.000623852,0.000601968,0.000600439
1,2097152,0.000652037,0.000534413,0.000729712,0.000652221,0.000605675
1,2097152,0.000614877,0.000585636,0.000683073,0.0006065,0.000599874
1,2097152,0.000607792,0.000589115,0.000622929,0.000608315,0.000604092
1,2097152,0.000675576,0.00055294,0.00078736,0.000678982,0.000621254
1,2097152,0.000706516,0.000496506,0.000784751,0.00071978,0.000767556
1,2097152,0.000631133,0.000539272,0.000711598,0.000621975,0.000617712
1,2097152,0.000604078,0.000588719,0.000621085,0.000604769,0.000606023
1,2097152,0.000605246,0.000580933,0.000621872,0.000604506,0.000620698
1,2097152,0.000611094,0.000586467,0.000640524,0.000609818,0.000601063
1,2097152,0.000604263,0.000589857,0.000621749,0.000604057,0.000604479
1,2097152,0.000611566,0.000592938,0.000631191,0.000611331,0.000606443
1,2097152,0.000607268,0.00059164,0.000635496,0.000605932,0.000631965
1,2097152,0.000607426,0.000588976,0.000640169,0.000605621,0.000600723
1,2097152,0.000605877,0.000590186,0.00062786,0.000605437,0.000590186
1,2097152,0.000606435,0.000585007,0.000639944,0.000605253,0.00059716
1,2097152,0.00060685,0.000586273,0.000622892,0.000607621,0.0006131
1,2097152,0.000719708,0.00042622,0.000826962,0.000731599,0.000640667
1,2097152,0.000606854,0.000589603,0.000622021,0.000606313,0.000596607
1,2097152,0.000608725,0.000591081,0.000628474,0.000608194,0.000608647
1,2097152,0.000605365,0.000579963,0.000627788,0.000606127,0.000602598
1,2097152,0.000603882,0.00059239,0.000616216,0.00060395,0.00060044
1,2097152,0.000603364,0.000588904,0.000622127,0.000602356,0.000596292
1,2097152,0.000608132,0.000588558,0.000633762,0.000607909,0.000600527
1,2097152,0.000603278,0.000585692,0.000627865,0.000603014,0.000599744
1,2097152,0.000603976,0.000586281,0.000618883,0.000604349,0.000614707
1,2097152,0.000620148,0.000548598,0.000662193,0.000619582,0.000592078
1,2097152,0.00067266,0.000470802,0.000754239,0.000672547,0.000713194
1,2097152,0.000624529,0.000591991,0.000681175,0.000617071,0.000616144
1,2097152,0.000663061,0.000568715,0.000721351,0.000676609,0.000695093
1,2097152,0.000603535,0.000586371,0.00063306,0.000603081,0.000612122
1,2097152,0.000602791,0.00058137,0.000622221,0.000604228,0.000614987
1,2097152,0.000605748,0.000517427,0.000674158,0.000600623,0.000674158
1,2097152,0.000623507,0.000587691,0.000718092,0.000612812,0.000605782
1,2097152,0.000612226,0.000590141,0.000633744,0.000611402,0.000610307
1,2097152,0.000606477,0.00059277,0.000633097,0.000605567,0.000603014
1,2097152,0.000605598,0.000590252,0.00062988,0.000605372,0.000590252
1,2097152,0.000625975,0.000562613,0.000663707,0.000628125,0.000635044
1,2097152,0.000650316,0.000569403,0.000691173,0.000666971,0.000683204
1,2097152,0.000607086,0.000588147,0.000626492,0.000607437,0.000619381
1,2097152,0.000602833,0.000588618,0.00061815,0.000603257,0.00060809
1,2097152,0.000624246,0.000570904,0.000678586,0.000625637,0.000589673
1,2097152,0.000605629,0.000590151,0.000625362,0.000605508,0.000590151
1,2097152,0.000602816,0.000584973,0.000613727,0.000603266,0.000584973
1,2097152,0.000663251,0.00057805,0.000830934,0.000660254,0.000652948
1,2097152,0.000605342,0.000587339,0.000626751,0.000603962,0.000592467
1,2097152,0.000605151,0.000585945,0.000622729,0.000604373,0.000600164
1,2097152,0.000606126,0.000590268,0.000625872,0.000606173,0.00059249
1,2097152,0.000604601,0.00058821,0.000622917,0.000604767,0.000596312
1,2097152,0.000650159,0.000532935,0.00071235,0.000656381,0.000612407
1,2097152,0.000607714,0.00058865,0.000621865,0.000607222,0.000612071
1,2097152,0.000607229,0.000588635,0.000636622,0.000606464,0.000598729
1,2097152,0.000615075,0.000588194,0.000651722,0.000612099,0.000626951
1,2097152,0.000622796,0.000564702,0.000669127,0.000627749,0.000593808
1,2097152,0.000607465,0.000590754,0.000632127,0.000606155,0.000601298
1,2097152,0.000604706,0.000586412,0.000632242,0.000604647,0.000605547
1,2097152,0.000606814,0.000583088,0.000633588,0.000606762,0.000609289
1,2097152,0.000628482,0.000561809,0.000776252,0.000609582,0.000696466
1,2097152,0.000612814,0.000591696,0.000641924,0.000611071,0.000602546
1,2097152,0.000607794,0.000590973,0.000633884,0.000606386,0.000602188
1,2097152,0.000619901,0.000574107,0.000661545,0.000621945,0.000609513
1,2097152,0.000632401,0.000586152,0.000676342,0.000627275,0.000615734
1,2097152,0.000604564,0.000586473,0.000620795,0.000604447,0.000616942
1,2097152,0.000606976,0.000584805,0.000625852,0.000606509,0.000603798
1,2097152,0.00060407,0.000587821,0.000624876,0.000604354,0.000601436
1,2097152,0.000610321,0.000586536,0.0006571,0.000607583,0.000649339
1,2097152,0.000605439,0.000584877,0.000621737,0.000605996,0.000603508
1,2097152,0.000626548,0.00055738,0.000696071,0.000616809,0.000601219
1,2097152,0.000606408,0.000575286,0.000631967,0.000606821,0.000630763
1,2097152,0.000727173,0.000494681,0.000820349,0.000738954,0.000641081
1,2097152,0.000653405,0.000585286,0.000691836,0.000669704,0.000585286
1,2097152,0.000604839,0.000590282,0.000626238,0.00060474,0.000610586
1,2097152,0.000603772,0.000581491,0.000624904,0.000603786,0.000597492
1,2097152,0.000638822,0.000464395,0.000733844,0.0006313,0.000658771
1,2097152,0.000606559,0.000590487,0.000623113,0.000606918,0.000599605
1,2097152,0.000654809,0.000582283,0.000751586,0.000656834,0.00065711
1,2097152,0.000616451,0.00056811,0.000660342,0.0006146,0.000657147
1,2097152,0.000645101,0.000525742,0.000717207,0.000643212,0.000569387
1,2097152,0.00060681,0.000587828,0.000654333,0.000603077,0.000635832
1,2097152,0.000606181,0.000589477,0.000631567,0.000606018,0.000594948
1,2097152,0.000603055,0.000586809,0.000623301,0.000602043,0.000590533
1,2097152,0.00060713,0.00059159,0.000632213,0.000606978,0.000603506
1,2097152,0.000622154,0.000590823,0.000705065,0.000608532,0.000603133
1,2097152,0.000603261,0.00058774,0.000620144,0.000602961,0.000611972
1,2097152,0.000610317,0.000590382,0.000631815,0.000608824,0.000594194
1,2097152,0.000607487,0.000583615,0.000648258,0.000601957,0.000594271
1,2097152,0.000604217,0.000591492,0.000628843,0.000604008,0.00059838
1,2097152,0.000605829,0.000587852,0.000625024,0.000605382,0.0006005
1,2097152,0.00060085,0.000577327,0.000615048,0.000601526,0.00059913
1,2097152,0.000672962,0.000485402,0.000745559,0.000675037,0.000698156
1,2097152,0.000606364,0.000589625,0.00062877,0.000605356,0.00062877
1,2097152,0.000656863,0.000526333,0.000743255,0.000655791,0.000671063
1,2097152,0.000642139,0.000559068,0.000799408,0.000647145,0.000647764
1,2097152,0.000603441,0.000587056,0.000618091,0.000603352,0.000601184
1,2097152,0.00060542,0.000589155,0.000631352,0.000605158,0.000599018
1,2097152,0.000606632,0.000592227,0.000626922,0.000606351,0.00061727
1,2097152,0.000610768,0.000597214,0.000636184,0.000609853,0.000606381
1,2097152,0.000687562,0.000513034,0.000796168,0.000693556,0.000615063
1,2097152,0.00060534,0.000591776,0.000616283,0.000605526,0.000596784
1,2097152,0.000604703,0.000591227,0.00062048,0.000605003,0.000594841
1,2097152,0.000649519,0.000571325,0.000705732,0.000665379,0.000577293
1,2097152,0.000608805,0.000591337,0.00062725,0.000608124,0.000625039
1,2097152,0.000610099,0.000589556,0.000628971,0.000609656,0.000597475
1,2097152,0.000606067,0.000593073,0.000631088,0.000605945,0.000594501
1,2097152,0.00060743,0.0005952,0.000621128,0.00060769,0.000601995
1,2097152,0.000648512,0.000592352,0.000769928,0.000616982,0.0006457
1,2097152,0.000611834,0.00059124,0.000649491,0.000609835,0.000604837
1,2097152,0.000617817,0.000585749,0.000643915,0.000615269,0.000610036
1,2097152,0.000683588,0.000566674,0.000724156,0.000695751,0.000696122
1,2097152,0.000614066,0.000591955,0.000646253,0.000615429,0.000646253
1,2097152,0.000610168,0.000589929,0.000629553,0.00061015,0.000604696
1,2097152,0.000607508,0.000590194,0.000636617,0.000605774,0.000611237
1,2097152,0.000616135,0.000593657,0.000640325,0.000615319,0.000615169
1,2097152,0.000656952,0.000482915,0.000743026,0.000656919,0.000710412
1,2097152,0.00060791,0.000593869,0.000623883,0.000608014,0.000612569
1,2097152,0.000613028,0.000594845,0.000663044,0.000611363,0.000612805
1,2097152,0.000620892,0.000585199,0.00064358,0.000627399,0.000624798
1,2097152,0.000669087,0.00054353,0.000752543,0.000671876,0.000664776
1,2097152,0.000609022,0.000595976,0.000633294,0.000607714,0.000603514
1,2097152,0.000608657,0.000589257,0.000633452,0.00060738,0.000621251
1,2097152,0.000607518,0.000585939,0.00063513,0.000606733,0.000592979
1,2097152,0.00060652,0.000589667,0.000626255,0.000606693,0.000615517
1,2097152,0.000605322,0.000588308,0.000616826,0.000605816,0.000598142
1,2097152,0.000608241,0.000595966,0.000640403,0.000607397,0.000596615
1,2097152,0.000608029,0.000584318,0.000635969,0.000607902,0.000602275
1,2097152,0.000659754,0.00052133,0.000702696,0.000670185,0.00068303
1,2097152,0.000608068,0.000590343,0.000630557,0.000607754,0.000601009
1,2097152,0.000607406,0.000588629,0.00062356,0.000607248,0.000589684
1,2097152,0.000606256,0.000588998,0.00061978,0.000605853,0.000602071
1,2097152,0.000606839,0.000587191,0.000623489,0.000607951,0.00059497
1,2097152,0.000613641,0.000596469,0.00063561,0.000613838,0.000604706
1,2097152,0.000734015,0.000473854,0.000829687,0.000743805,0.000595546
1,2097152,0.000755423,0.000529896,0.000819211,0.000776584,0.000796384
1,2097152,0.000608775,0.00059286,0.000635803,0.000608835,0.000610225
1,2097152,0.000610897,0.000591752,0.000630482,0.000609485,0.000605954
1,2097152,0.000607147,0.000588448,0.000629751,0.0006065,0.00060116
1,2097152,0.000607226,0.000589421,0.000634704,0.000607642,0.000600878
1,2097152,0.000860981,0.000506086,0.001027048,0.000862287,0.00070125
1,2097152,0.000609475,0.000589391,0.000646188,0.000606676,0.000598407
1,2097152,0.000613396,0.000595041,0.00063667,0.000612538,0.000596848
1,2097152,0.000605768,0.000586587,0.000624291,0.000605728,0.000597191
1,2097152,0.000610042,0.000587568,0.000625902,0.000610503,0.000606139
1,2097152,0.000607887,0.000590998,0.000636385,0.000606967,0.00060413
1,2097152,0.00060715,0.000576786,0.000627078,0.000608773,0.000614775
1,2097152,0.000620735,0.000590402,0.000702044,0.000612033,0.000663345
1,2097152,0.000609315,0.000581398,0.000628243,0.000610947,0.000616271
1,2097152,0.000610252,0.000590942,0.000640016,0.000609648,0.000605295
1,2097152,0.000607707,0.000592468,0.000622047,0.000607423,0.000602574
1,2097152,0.000605077,0.000590769,0.000619316,0.000606145,0.000598732
1,2097152,0.00060996,0.00058803,0.000627727,0.00060949,0.00058803
1,2097152,0.000607162,0.000590507,0.000635251,0.000606449,0.000600594
1,2097152,0.000602635,0.000587139,0.000613692,0.00060307,0.000609756
1,2097152,0.000602878,0.00058626,0.000623141,0.000602241,0.000587348
1,2097152,0.000650544,0.000568119,0.000759783,0.000639418,0.000630672
1,2097152,0.00060353,0.000588125,0.000615567,0.000604292,0.000604479
1,2097152,0.000603398,0.000587675,0.000617142,0.000602754,0.000602579
1,2097152,0.000651024,0.000561376,0.000753446,0.000647768,0.000660319
1,2097152,0.00060739,0.000586878,0.000630917,0.000607473,0.000630757
1,2097152,0.000608368,0.000596741,0.000623163,0.000608234,0.000607914
1,2097152,0.000604223,0.000583497,0.000633671,0.000604007,0.000593817
1,2097152,0.000607905,0.000581782,0.000639638,0.000607777,0.000581782
1,2097152,0.000608715,0.000587293,0.000659907,0.000605876,0.000624575
1,2097152,0.000656428,0.000587625,0.000778423,0.000656438,0.000596629
1,2097152,0.000607562,0.000588057,0.000631421,0.000606818,0.000603175
1,2097152,0.000625683,0.000579666,0.000662893,0.000632307,0.000595068
1,2097152,0.00063216,0.000574194,0.000693778,0.00062034,0.00064703
1,2097152,0.000622142,0.000523237,0.000685596,0.000613828,0.00066747
1,2097152,0.000606075,0.000593391,0.000622496,0.000605694,0.000598536
1,2097152,0.000603581,0.000586245,0.000621095,0.000603189,0.000586245
1,2097152,0.000606119,0.000591266,0.000622329,0.000606046,0.000591266
1,2097152,0.000604319,0.000589056,0.000623286,0.000604082,0.00059682
1,2097152,0.000617658,0.000510813,0.000696167,0.000608219,0.00059641
1,2097152,0.000726401,0.000459929,0.00083704,0.000737851,0.000701687
1,2097152,0.000685624,0.000578859,0.000760934,0.000694924,0.00058875
1,2097152,0.000606614,0.000587806,0.000630982,0.000606191,0.000613762
1,2097152,0.000603524,0.000584604,0.000628129,0.000602192,0.000605193
1,2097152,0.000604314,0.000578865,0.000636806,0.000604212,0.000580656
1,2097152,0.000612031,0.000579559,0.000682049,0.000604378,0.000615522
1,2097152,0.000610669,0.000592142,0.00064418,0.000607855,0.000624153
1,2097152,0.000602968,0.000585191,0.000619305,0.00060389,0.000608159
1,2097152,0.000662743,0.000579797,0.000713004,0.000679923,0.000654651
1,2097152,0.000608302,0.000592532,0.000621714,0.000608573,0.000621714
1,2097152,0.000605235,0.000590094,0.000619364,0.00060517,0.000590094
1,2097152,0.000602144,0.000590446,0.000617211,0.000601854,0.000592245
1,2097152,0.000836897,0.000520694,0.000904361,0.000851574,0.000520694
1,2097152,0.000615506,0.000592405,0.000677194,0.000606794,0.000601285
1,2097152,0.000603594,0.000586903,0.000618837,0.000605146,0.000605668
1,2097152,0.000605028,0.000586618,0.000636027,0.000602371,0.000597357
1,2097152,0.000603294,0.000587169,0.000623755,0.000602805,0.000588224
1,2097152,0.000605908,0.000589861,0.00062104,0.000606779,0.000601458
1,2097152,0.000604263,0.000590542,0.00061808,0.000604095,0.000594425
1,2097152,0.000611428,0.000589439,0.000645836,0.000608747,0.000594224
1,2097152,0.000601395,0.000579732,0.000619207,0.000602563,0.000611535
1,2097152,0.000613488,0.000587777,0.000700956,0.000604002,0.00066366
1,2097152,0.000608611,0.000590594,0.000634975,0.000608873,0.000594988
1,2097152,0.000603486,0.000586094,0.000618896,0.000603712,0.000598467
1,2097152,0.000605746,0.000587863,0.000623718,0.000606132,0.000602964
1,2097152,0.00064033,0.000508483,0.000700682,0.000642501,0.000639818
1,2097152,0.000696897,0.000589257,0.000847763,0.000683854,0.000609008
1,2097152,0.000609101,0.00059116,0.000621669,0.000610408,0.000603718
1,2097152,0.000605596,0.000589833,0.000627034,0.000606025,0.00060059
1,2097152,0.000626171,0.000594064,0.000708227,0.000613986,0.000599633
1,2097152,0.00060503,0.000585179,0.000620824,0.000605675,0.000607211
1,2097152,0.000690997,0.000588702,0.000843425,0.000700683,0.000611517
1,2097152,0.000609226,0.000589371,0.000629407,0.000609584,0.00062548
1,2097152,0.000613934,0.000596251,0.000643243,0.000612937,0.00059835
1,2097152,0.000608956,0.000590682,0.0006338,0.000607585,0.000618478
1,2097152,0.000611156,0.000592207,0.000635943,0.00061172,0.000606145
1,2097152,0.000611169,0.000592477,0.000636113,0.000610107,0.000607846
1,2097152,0.000605575,0.000588884,0.000642078,0.00060514,0.00060487
1,2097152,0.000604934,0.00059029,0.000621084,0.000604528,0.000595592
1,2097152,0.000608972,0.000592347,0.000636946,0.000607659,0.000602577
1,2097152,0.000603977,0.000582207,0.000626392,0.000603695,0.000602221
1,2097152,0.000610304,0.000593363,0.000631051,0.000609167,0.000607413
1,2097152,0.000603543,0.000589988,0.000619909,0.000604984,0.000606102
1,2097152,0.00060394,0.000585568,0.000613772,0.000603952,0.000602825
1,2097152,0.000605768,0.00059257,0.000634385,0.000605201,0.000593056
1,2097152,0.000641715,0.000543889,0.000707164,0.0006353,0.000624734
1,2097152,0.000604322,0.000583611,0.000621801,0.000603681,0.000601135
1,2097152,0.000606318,0.000592755,0.000629905,0.000604711,0.000604896
1,2097152,0.000756406,0.000566451,0.00084955,0.000784804,0.00075516
1,2097152,0.00060438,0.000584817,0.000629004,0.000605551,0.000616407
1,2097152,0.000615841,0.000587218,0.000670005,0.000606783,0.000593861
1,2097152,0.000609124,0.000594023,0.000631878,0.00060822,0.000606423
1,2097152,0.000607424,0.000594755,0.000634335,0.000607302,0.000603976
1,2097152,0.000616348,0.000590488,0.000669591,0.000611176,0.000620331
1,2097152,0.000603735,0.000590889,0.00062486,0.000602638,0.000592615
1,2097152,0.000606303,0.000584283,0.000626896,0.00060738,0.000599022
1,2097152,0.000607631,0.000591116,0.000622578,0.000608251,0.000597907
1,2097152,0.000602355,0.000589597,0.000620136,0.000602889,0.000596942
1,2097152,0.000604056,0.000575417,0.000624961,0.000604081,0.000597733
1,2097152,0.000602411,0.000577037,0.000622257,0.000601958,0.000602038
1,2097152,0.000610513,0.000593802,0.000630218,0.000609405,0.000606387
1,2097152,0.000634167,0.000596256,0.000727693,0.000628367,0.000617822
1,2097152,0.000608147,0.000586337,0.000646903,0.000606576,0.000598005
1,2097152,0.000609641,0.000589308,0.000644501,0.000606447,0.000608416
1,2097152,0.000653776,0.000579427,0.00069455,0.000672454,0.000639704
1,2097152,0.000605688,0.000582747,0.000620572,0.000606373,0.000619411
1,2097152,0.000605116,0.000592134,0.000621633,0.000605129,0.000600976
1,2097152,0.0006058,0.000589228,0.000627955,0.000604638,0.000591269
1,2097152,0.000608613,0.000594689,0.000621711,0.00060939,0.000595597
1,2097152,0.000604999,0.000590864,0.000624268,0.000604717,0.000592257
1,2097152,0.000614982,0.000595993,0.000645591,0.00061327,0.000608405
1,2097152,0.000606651,0.00059262,0.000625435,0.000606726,0.000599168
1,2097152,0.000609546,0.000591674,0.000628907,0.0006096,0.000607705
1,2097152,0.000606402,0.000592202,0.000624707,0.000606461,0.000613632
1,2097152,0.000608012,0.000587492,0.000631766,0.000608627,0.000595732
1,2097152,0.000605393,0.000586883,0.000619416,0.000605994,0.000606663
1,2097152,0.000607765,0.000587643,0.000632185,0.000607111,0.000609011
1,2097152,0.000617744,0.000586825,0.000691194,0.000609144,0.000613257
1,2097152,0.000670919,0.000601573,0.000781375,0.000648748,0.000614724
1,2097152,0.000606674,0.000593318,0.000623794,0.000606117,0.00060616
1,2097152,0.000606857,0.000593005,0.000636723,0.000605722,0.000598381
1,2097152,0.000605717,0.000588273,0.000631543,0.00060578,0.000600494
1,2097152,0.000638538,0.000588513,0.000717213,0.000621258,0.0006754
1,2097152,0.000619485,0.000561541,0.000688094,0.000612179,0.000616459
1,2097152,0.00061168,0.000591513,0.000662067,0.000609798,0.000598976
1,2097152,0.000609477,0.000582894,0.000632041,0.000609086,0.000595353
1,2097152,0.00061529,0.000570763,0.000656411,0.000612448,0.00062534
1,2097152,0.000605663,0.0005913,0.000623854,0.00060644,0.000600505
1,2097152,0.000608635,0.000591925,0.00063333,0.000608004,0.000591925
1,2097152,0.000609214,0.000588076,0.000641717,0.000606673,0.000619163
1,2097152,0.000611075,0.000590656,0.000641058,0.000608796,0.000611227
1,2097152,0.000607521,0.00058781,0.000626259,0.000608105,0.000602554
1,2097152,0.00060699,0.000593219,0.000629126,0.00060688,0.00060849
1,2097152,0.000608096,0.000594028,0.000633401,0.000606494,0.000603313
1,2097152,0.000625177,0.000581317,0.000701656,0.000611557,0.000611717
1,2097152,0.000611012,0.000588099,0.000634001,0.00060944,0.000594712
1,2097152,0.000609015,0.000587252,0.000642612,0.000609134,0.000614743
1,2097152,0.00060629,0.000578585,0.000632214,0.000606536,0.000586814
1,2097152,0.000645861,0.000520844,0.000754935,0.000629121,0.000570261
1,2097152,0.000660295,0.000581464,0.000710388,0.00067443,0.000667135
1,2097152,0.000605777,0.000590116,0.000619329,0.000607014,0.000607199
1,2097152,0.000604306,0.000585169,0.000616469,0.000605278,0.000606207
1,2097152,0.000614081,0.000590986,0.000668118,0.000609831,0.00059565
1,2097152,0.00060588,0.000585026,0.000625509,0.000606737,0.000606882
1,2097152,0.000674926,0.00054716,0.000755796,0.000679876,0.000589039
1,2097152,0.000636181,0.000582295,0.000689836,0.000646932,0.000628439
1,2097152,0.000670988,0.000533117,0.00075604,0.000676048,0.000745076
1,2097152,0.000605943,0.000591557,0.000616822,0.000605514,0.000592139
1,2097152,0.00060374,0.000587237,0.000627171,0.000602563,0.000594871
1,2097152,0.000609399,0.000592064,0.000630797,0.000609064,0.000614276
1,2097152,0.00060388,0.000585472,0.000616889,0.000604131,0.000588919
1,2097152,0.000645027,0.000589839,0.0007628,0.000623234,0.000619351
1,2097152,0.000607767,0.000586859,0.00063153,0.000606612,0.000621196
1,2097152,0.000613789,0.000579956,0.000637632,0.000612548,0.000598721
1,2097152,0.000626846,0.000561559,0.00066004,0.000632673,0.000646272
1,2097152,0.000609991,0.000584234,0.000631759,0.000608955,0.000602903
1,2097152,0.000603787,0.000588574,0.000621153,0.000604212,0.000607562
1,2097152,0.000606896,0.000588511,0.0006249,0.000607182,0.000613447
1,2097152,0.000684418,0.000548552,0.000766384,0.000685713,0.000624774
1,2097152,0.000605613,0.00057726,0.000623463,0.000605925,0.0005977
1,2097152,0.000608059,0.000589876,0.000632084,0.000605487,0.000591796
1,2097152,0.000624445,0.000568445,0.00065339,0.00062993,0.00064365
1,2097152,0.000619137,0.000584786,0.000652006,0.00061393,0.000609665
1,2097152,0.000611889,0.000593652,0.000634565,0.000611318,0.000614169
1,2097152,0.000607495,0.000590323,0.000631949,0.000607645,0.000623811
1,2097152,0.000608309,0.000590439,0.000638583,0.000607585,0.000638583
1,2097152,0.000607118,0.000590348,0.000634425,0.000605938,0.000613794
1,2097152,0.00063725,0.000597557,0.000737456,0.000624651,0.000601517
1,2097152,0.000608315,0.000592504,0.000629376,0.000608218,0.000617623
1,2097152,0.000629725,0.000533604,0.000676527,0.000629226,0.00065174
1,2097152,0.000630656,0.000538981,0.000691503,0.000628762,0.000591902
1,2097152,0.000609363,0.000594295,0.000644725,0.000606942,0.000597053
1,2097152,0.000605347,0.000578557,0.000626073,0.000606711,0.000595789
1,2097152,0.000610865,0.000591409,0.000632327,0.000610949,0.000606269
1,2097152,0.00061584,0.000583309,0.000689236,0.000606698,0.000664868
1,2097152,0.000625071,0.000584807,0.000718911,0.000609552,0.000607719
1,2097152,0.000630562,0.000558404,0.000728866,0.000612871,0.000716693
1,2097152,0.000648622,0.000586253,0.000795476,0.000619229,0.000593698
1,2097152,0.000609961,0.000583045,0.000665437,0.000605726,0.000606186
1,2097152,0.000609959,0.000589374,0.00063328,0.000610131,0.00059927
1,2097152,0.000605338,0.000582072,0.000635031,0.000604224,0.000606035
1,2097152,0.000618065,0.000591568,0.000690578,0.000608183,0.000631624
1,2097152,0.000625614,0.000593248,0.000717721,0.00060851,0.000605215
1,2097152,0.000607854,0.00058036,0.000633027,0.000608745,0.000606818
1,2097152,0.00060742,0.000589455,0.000636141,0.000605445,0.000606211
1,2097152,0.000606244,0.000587115,0.000626609,0.000606192,0.000594171
1,2097152,0.000605114,0.000588585,0.000629815,0.000604432,0.000604938
1,2097152,0.000603242,0.000587028,0.000615365,0.000603561,0.000614436
1,2097152,0.000608221,0.000590161,0.000628654,0.000607447,0.000620339
1,2097152,0.000606933,0.000587814,0.000628897,0.000606758,0.000601447
1,2097152,0.000651769,0.000586724,0.000808706,0.000607163,0.000711513
1,2097152,0.000606697,0.000592612,0.000630327,0.000605536,0.000630327
1,2097152,0.000605955,0.000586058,0.000652918,0.000603657,0.00059242
1,2097152,0.000666658,0.000522518,0.000719706,0.000672663,0.000701756
1,2097152,0.00067103,0.000447809,0.000738609,0.000673966,0.000624611
1,2097152,0.000601776,0.000585397,0.000618606,0.000601654,0.000595423
1,2097152,0.000601651,0.000587924,0.000624358,0.000601627,0.000589006
1,2097152,0.000602053,0.000583842,0.000620119,0.00060232,0.00059409
1,2097152,0.000604854,0.000587796,0.000630635,0.000604675,0.000601896
1,2097152,0.000602567,0.000585905,0.00062394,0.000603599,0.000612448
1,2097152,0.000603495,0.000590353,0.000623969,0.000603183,0.000590353
1,2097152,0.000610111,0.000564792,0.000641872,0.000610386,0.000617853
1,2097152,0.000671932,0.000561745,0.000829572,0.000635243,0.000632381
1,2097152,0.000602955,0.000590156,0.000621738,0.000603358,0.000605293
1,2097152,0.000605368,0.000586527,0.000624577,0.000605172,0.000593687
1,2097152,0.000602739,0.000583394,0.000625559,0.000602382,0.000594093
1,2097152,0.000641231,0.000583262,0.000765382,0.000608363,0.000658282
1,2097152,0.000607972,0.00058091,0.000631513,0.000608079,0.000601111
1,2097152,0.000606248,0.000585202,0.000631306,0.000605795,0.000621636
1,2097152,0.00060592,0.000590757,0.000626638,0.000605026,0.000626638
1,2097152,0.000603975,0.000585226,0.000618808,0.000604942,0.000588865
1,2097152,0.000612831,0.000580886,0.00064436,0.00061243,0.000614311
1,2097152,0.000602221,0.000587997,0.000620979,0.000602182,0.000593527
1,2097152,0.000605391,0.000589853,0.000619473,0.000605056,0.000613563
1,2097152,0.000708516,0.000487024,0.000799665,0.000716521,0.000487024
1,2097152,0.00060239,0.000587484,0.000632289,0.00060165,0.000588425
1,2097152,0.00060372,0.000590586,0.000619898,0.000603594,0.000595638
1,2097152,0.000600166,0.000580726,0.000612873,0.000600617,0.000588666
1,2097152,0.000622582,0.000548137,0.000687491,0.000621142,0.000639206
1,2097152,0.000604296,0.000590434,0.000616821,0.000604101,0.000603528
1,2097152,0.000605017,0.000592127,0.000629561,0.00060387,0.000594263
1,2097152,0.000604622,0.000583006,0.000622301,0.000604911,0.000596198
1,2097152,0.0006334,0.000572318,0.000697062,0.000627014,0.000603905
1,2097152,0.000608748,0.000593381,0.000631034,0.00060835,0.000598213
1,2097152,0.000619338,0.00056432,0.000672335,0.000607996,0.000587704
1,2097152,0.000654283,0.000567446,0.000814081,0.000649781,0.000612099
1,2097152,0.000606447,0.00058699,0.000625147,0.000607091,0.000607683
1,2097152,0.00060813,0.00058484,0.00062883,0.000607475,0.000614161
1,2097152,0.000601572,0.000580493,0.000621366,0.000601824,0.000606093
1,2097152,0.000603734,0.000588329,0.000627352,0.000604169,0.00059715
1,2097152,0.000808129,0.000593084,0.000997874,0.000858322,0.000792017
1,2097152,0.000661421,0.000580214,0.000787499,0.000654948,0.000598233
1,2097152,0.000602064,0.000586953,0.000614037,0.000601922,0.000600139
1,2097152,0.000601789,0.000586791,0.000612205,0.000601921,0.000606
1,2097152,0.000615165,0.000566662,0.000649873,0.000613433,0.00063303
1,2097152,0.000603578,0.00058892,0.000619411,0.00060439,0.00059785
1,2097152,0.000604383,0.000585222,0.000625155,0.000604771,0.000604275
1,2097152,0.000605026,0.000586738,0.000624218,0.000605042,0.000604814
1,2097152,0.000603659,0.000588366,0.000619138,0.000604446,0.000600382
1,2097152,0.000604336,0.000584891,0.00062839,0.000604589,0.000591668
1,2097152,0.000607819,0.000589937,0.000632261,0.00060663,0.000589937
1,2097152,0.000603141,0.000584878,0.000621388,0.000603175,0.000606572
1,2097152,0.000620147,0.000564395,0.000656884,0.000622578,0.000636773
1,2097152,0.00064096,0.000580917,0.000752452,0.000612727,0.000597045
1,2097152,0.000604052,0.000588349,0.00061468,0.000604919,0.000610185
1,2097152,0.000607183,0.000590661,0.00062927,0.000607808,0.000614675
1,2097152,0.000655747,0.000567551,0.000715265,0.000661917,0.000687688
1,2097152,0.000605595,0.000577663,0.000627871,0.000605055,0.000599359
1,2097152,0.00061082,0.000584923,0.00063513,0.00060977,0.000603109
1,2097152,0.000604725,0.000580262,0.000623154,0.000605541,0.000612479
1,2097152,0.000635973,0.00056245,0.000701115,0.00063446,0.00060007
1,2097152,0.00060224,0.000582426,0.000622436,0.000602426,0.000605324
1,2097152,0.000605079,0.000589299,0.000620632,0.000605928,0.000606304
1,2097152,0.000620957,0.000595565,0.000681434,0.000616607,0.00061965
1,2097152,0.00061249,0.000588928,0.000656736,0.000608762,0.000604054
1,2097152,0.000604497,0.000585465,0.000630386,0.00060395,0.000595635
1,2097152,0.000657005,0.000491657,0.00073055,0.000658035,0.000627899
1,2097152,0.000646636,0.00056438,0.000724596,0.000651941,0.000593865
1,2097152,0.000609388,0.000556607,0.000654778,0.00060754,0.000640139
1,2097152,0.000606298,0.000586865,0.000619986,0.000606695,0.000603438
1,2097152,0.000608505,0.000590798,0.000641616,0.000607475,0.000592853
1,2097152,0.00060624,0.000588687,0.000622389,0.000605849,0.000611605
1,2097152,0.000729843,0.00046679,0.000817386,0.000740619,0.000656304
1,2097152,0.000607201,0.000588244,0.000623397,0.000607615,0.000605064
1,2097152,0.000609832,0.000592885,0.000633748,0.000609421,0.000601832
1,2097152,0.000610798,0.000587365,0.000631459,0.000611,0.000604036
1,2097152,0.000656019,0.000584431,0.000830956,0.000625641,0.000599179
1,2097152,0.000608078,0.000591185,0.000623072,0.000607308,0.000605037
1,2097152,0.000613144,0.000597832,0.000629656,0.000612972,0.000611814
1,2097152,0.000608785,0.000590352,0.000627038,0.000608519,0.0005987
1,2097152,0.000631492,0.000538269,0.000687032,0.000626767,0.000538269
1,2097152,0.00060592,0.00058917,0.000622447,0.00060518,0.000603889
1,2097152,0.000676343,0.000480727,0.000755172,0.000680207,0.000630554
1,2097152,0.000673434,0.000528071,0.000853778,0.000660157,0.00065914
1,2097152,0.000610714,0.000590366,0.000645405,0.000609394,0.000638878
1,2097152,0.000606984,0.000578463,0.000632969,0.000605881,0.000603007
1,2097152,0.000607586,0.000587601,0.000628086,0.000606889,0.000601347
1,2097152,0.0006121,0.000588979,0.000639784,0.000611533,0.000605289
1,2097152,0.000624294,0.000592028,0.000676089,0.000619181,0.000613238
1,2097152,0.000611199,0.000591967,0.000631162,0.000611902,0.000610943
1,2097152,0.000613284,0.000588308,0.000675099,0.000608395,0.000604231
1,2097152,0.000609395,0.000589934,0.000634708,0.000608767,0.0006102
1,2097152,0.000609021,0.000584705,0.000660716,0.000606839,0.000660716
1,2097152,0.000674837,0.000571964,0.000716136,0.000685236,0.000668464
1,2097152,0.00061755,0.000594064,0.000646992,0.0006161,0.000628432
1,2097152,0.000606465,0.000583082,0.00062966,0.000606593,0.000599358
1,2097152,0.000631414,0.000590483,0.000721075,0.000614434,0.000623943
1,2097152,0.000611475,0.000593689,0.0006412,0.000610999,0.000618838
1,2097152,0.00060484,0.000585483,0.00062991,0.000603855,0.000605325
1,2097152,0.000605739,0.00058727,0.000633647,0.000605008,0.00059649
1,2097152,0.000609865,0.000594071,0.000633166,0.000609323,0.000605175
1,2097152,0.000604581,0.000588651,0.000618262,0.000605392,0.000601984
1,2097152,0.000603519,0.000587074,0.00061785,0.000604234,0.000598391
1,2097152,0.000606331,0.000591143,0.000619311,0.000606428,0.00061004
1,2097152,0.000604668,0.000590426,0.000620305,0.000604524,0.000602027
1,2097152,0.000612992,0.000585102,0.000653135,0.000611329,0.000602639
1,2097152,0.000636268,0.000561194,0.000704117,0.000632168,0.00070204
1,2097152,0.000620535,0.000587788,0.00066805,0.000609003,0.00059602
1,2097152,0.000685589,0.000579194,0.000765268,0.00072763,0.00062624
1,2097152,0.000607495,0.000593297,0.000621692,0.00060825,0.000600027
1,2097152,0.000606712,0.00058652,0.000633174,0.00060618,0.00061253
1,2097152,0.000605661,0.000584735,0.000620089,0.000607011,0.000608631
1,2097152,0.00060846,0.000590765,0.000627459,0.000608331,0.000617118
1,2097152,0.000616045,0.000596967,0.000655249,0.000612541,0.000612427
