All-reduce with 32 processes, receiver rank: 0, msg-size: 4096, test iterations: 100.
Average,Minimum,Maximum,Median,MainRank
0.000024619,0.000022208,0.000027329,0.000024601,0.000026590
0.000033063,0.000031050,0.000035784,0.000033071,0.000034060
0.000028092,0.000026964,0.000029551,0.000028186,0.000027055
0.000032322,0.000030103,0.000034941,0.000032223,0.000031745
0.000022956,0.000021913,0.000024462,0.000022906,0.000023172
0.000035591,0.000033794,0.000038459,0.000035442,0.000034835
0.000022235,0.000021358,0.000023535,0.000022158,0.000023535
0.000030669,0.000029125,0.000034295,0.000030396,0.000030595
0.000025417,0.000023957,0.000027750,0.000025103,0.000023957
0.000023648,0.000022870,0.000025575,0.000023511,0.000023269
0.000037398,0.000036329,0.000038425,0.000037416,0.000036329
0.000022721,0.000022003,0.000024022,0.000022571,0.000022433
0.000033172,0.000030941,0.000036927,0.000032940,0.000032028
0.000023541,0.000022599,0.000024363,0.000023588,0.000023583
0.000028057,0.000027201,0.000029335,0.000027838,0.000029314
0.000044211,0.000022042,0.000068746,0.000045253,0.000024944
0.000047872,0.000044495,0.000053336,0.000046978,0.000046884
0.000022168,0.000021053,0.000022997,0.000022198,0.000021147
0.000022568,0.000021924,0.000025269,0.000022270,0.000021992
0.000034700,0.000029794,0.000037971,0.000035714,0.000030915
0.000022774,0.000021937,0.000024511,0.000022663,0.000022717
0.000027584,0.000026279,0.000030554,0.000027295,0.000026927
0.000018271,0.000017320,0.000020477,0.000018077,0.000018136
0.000032164,0.000031356,0.000034422,0.000031921,0.000034422
0.000019362,0.000018894,0.000020997,0.000019244,0.000020071
0.000033334,0.000031806,0.000035449,0.000033328,0.000034994
0.000028418,0.000025614,0.000030701,0.000028151,0.000028385
0.000021630,0.000019896,0.000022925,0.000022201,0.000019903
0.000028106,0.000026438,0.000029486,0.000028099,0.000028768
0.000017769,0.000016976,0.000018262,0.000017811,0.000017593
0.000028856,0.000027079,0.000033750,0.000028703,0.000027196
0.000018035,0.000017537,0.000018627,0.000018073,0.000018381
0.000021786,0.000021243,0.000022511,0.000021763,0.000021515
0.000021759,0.000021214,0.000023002,0.000021629,0.000022508
0.000021329,0.000020238,0.000022370,0.000021420,0.000021839
0.000030118,0.000028546,0.000032131,0.000030072,0.000029107
0.000022425,0.000019182,0.000025060,0.000022991,0.000019787
0.000027133,0.000024566,0.000029370,0.000027236,0.000026303
0.000022323,0.000021372,0.000023208,0.000022247,0.000021575
0.000029606,0.000026396,0.000033446,0.000028897,0.000028583
0.000019328,0.000018736,0.000020065,0.000019311,0.000018885
0.000020448,0.000019784,0.000021242,0.000020415,0.000020246
0.000024505,0.000022969,0.000025997,0.000024732,0.000023431
0.000022470,0.000020926,0.000024152,0.000022739,0.000023285
0.000021234,0.000019396,0.000023351,0.000021046,0.000021047
0.000017946,0.000016971,0.000019045,0.000017887,0.000017213
0.000026787,0.000025204,0.000029836,0.000026306,0.000027167
0.000018110,0.000017094,0.000019606,0.000018072,0.000017870
0.000020590,0.000019201,0.000021294,0.000020602,0.000020816
0.000024344,0.000023451,0.000025468,0.000024433,0.000023798
0.000021759,0.000021145,0.000022566,0.000021765,0.000021796
0.000024611,0.000023369,0.000026296,0.000024488,0.000024068
0.000021395,0.000020549,0.000022332,0.000021352,0.000020873
0.000021076,0.000020393,0.000021963,0.000021026,0.000020911
0.000016550,0.000016090,0.000017033,0.000016482,0.000016499
0.000026537,0.000025835,0.000027953,0.000026380,0.000026232
0.000019153,0.000018220,0.000020262,0.000019086,0.000019494
0.000020997,0.000020352,0.000021662,0.000020931,0.000020647
0.000028089,0.000024963,0.000030085,0.000027892,0.000027302
0.000017017,0.000014787,0.000019058,0.000017165,0.000016587
0.000014704,0.000012560,0.000017519,0.000014131,0.000017514
0.000018553,0.000013403,0.000021991,0.000017955,0.000020834
0.000013238,0.000011014,0.000016417,0.000012306,0.000015831
0.000017353,0.000016441,0.000018372,0.000017439,0.000017166
0.000013801,0.000011392,0.000016440,0.000013994,0.000015493
0.000018961,0.000017264,0.000021042,0.000019040,0.000018819
0.000012403,0.000011015,0.000016497,0.000012249,0.000011210
0.000015948,0.000013478,0.000019980,0.000015328,0.000014844
0.000025361,0.000015619,0.000031161,0.000025230,0.000025882
0.000014281,0.000010524,0.000020788,0.000013196,0.000011036
0.000012783,0.000012051,0.000013311,0.000012791,0.000013118
0.000014643,0.000011409,0.000017920,0.000014838,0.000017344
0.000017900,0.000016985,0.000018787,0.000017903,0.000016985
0.000016611,0.000015439,0.000020765,0.000016405,0.000015439
0.000018749,0.000016470,0.000020628,0.000019138,0.000019840
0.000015047,0.000014363,0.000016253,0.000014875,0.000014777
0.000014073,0.000010947,0.000030538,0.000012382,0.000011978
0.000013466,0.000012346,0.000014477,0.000013558,0.000012745
0.000016902,0.000014638,0.000021336,0.000015928,0.000020359
0.000014262,0.000012406,0.000017043,0.000014509,0.000012669
0.000018445,0.000015551,0.000022282,0.000018739,0.000019423
0.000017191,0.000015033,0.000019245,0.000018102,0.000018234
0.000017223,0.000015953,0.000018877,0.000017221,0.000018613
0.000019862,0.000016392,0.000024612,0.000019712,0.000019633
0.000012953,0.000011558,0.000014452,0.000012952,0.000012958
0.000012553,0.000010271,0.000018670,0.000011616,0.000014378
0.000014283,0.000012591,0.000016914,0.000014212,0.000015462
0.000011875,0.000009745,0.000016000,0.000010502,0.000015272
0.000022066,0.000020086,0.000024371,0.000021706,0.000023429
0.000013648,0.000011287,0.000021517,0.000012808,0.000012389
0.000015746,0.000012620,0.000021169,0.000015387,0.000015132
0.000014022,0.000013407,0.000014876,0.000014002,0.000014012
0.000017780,0.000015898,0.000024817,0.000016967,0.000016846
0.000013687,0.000012873,0.000014863,0.000013666,0.000013699
0.000011973,0.000009729,0.000016197,0.000011281,0.000009729
0.000014622,0.000012850,0.000016947,0.000014617,0.000013846
0.000015286,0.000013078,0.000017826,0.000015445,0.000015803
0.000023182,0.000020093,0.000027897,0.000022142,0.000023008
0.000013403,0.000012563,0.000014150,0.000013415,0.000013181
0.000012678,0.000010658,0.000014519,0.000012860,0.000013293
Ran 105 iterations. Measured 100 iterations.
